MOUSEMOVE	130351593	501,577
MOUSEMOVE	130351609	501,576
MOUSEMOVE	130351625	501,574
MOUSEMOVE	130351671	501,573
MOUSEMOVE	130351703	500,571
MOUSEMOVE	130351718	499,570
MOUSEMOVE	130351765	499,568
MOUSEMOVE	130351812	498,566
MOUSEMOVE	130351843	497,564
MOUSEMOVE	130352031	496,562
MOUSEMOVE	130352046	496,561
MOUSEMOVE	130352046	495,559
MOUSEMOVE	130352062	494,559
MOUSEMOVE	130352062	492,557
MOUSEMOVE	130352078	490,556
MOUSEMOVE	130352093	488,554
MOUSEMOVE	130352093	486,553
MOUSEMOVE	130352109	483,551
MOUSEMOVE	130352109	480,550
MOUSEMOVE	130352125	476,548
MOUSEMOVE	130352125	470,546
MOUSEMOVE	130352140	464,543
MOUSEMOVE	130352140	457,540
MOUSEMOVE	130352156	448,537
MOUSEMOVE	130352156	439,534
MOUSEMOVE	130352171	429,529
MOUSEMOVE	130352171	419,525
MOUSEMOVE	130352187	410,522
MOUSEMOVE	130352187	399,517
MOUSEMOVE	130352203	388,514
MOUSEMOVE	130352203	378,511
MOUSEMOVE	130352218	367,506
MOUSEMOVE	130352218	356,502
MOUSEMOVE	130352234	345,498
MOUSEMOVE	130352234	335,493
MOUSEMOVE	130352250	325,489
MOUSEMOVE	130352250	316,485
MOUSEMOVE	130352265	307,481
MOUSEMOVE	130352265	300,478
MOUSEMOVE	130352281	293,475
MOUSEMOVE	130352281	287,473
MOUSEMOVE	130352296	284,472
MOUSEMOVE	130352296	281,471
MOUSEMOVE	130352312	279,469
MOUSEMOVE	130352312	276,469
MOUSEMOVE	130352328	275,468
MOUSEMOVE	130352468	275,467
MOUSEMOVE	130352484	275,467
MOUSEMOVE	130352484	277,466
MOUSEMOVE	130352500	280,465
MOUSEMOVE	130352500	284,464
MOUSEMOVE	130352515	289,461
MOUSEMOVE	130352515	297,458
MOUSEMOVE	130352531	307,455
MOUSEMOVE	130352531	320,451
MOUSEMOVE	130352546	337,447
MOUSEMOVE	130352546	359,442
MOUSEMOVE	130352562	386,435
MOUSEMOVE	130352562	418,427
MOUSEMOVE	130352578	459,416
MOUSEMOVE	130352578	504,404
MOUSEMOVE	130352593	557,397
MOUSEMOVE	130352593	611,385
MOUSEMOVE	130352609	664,375
MOUSEMOVE	130352609	716,371
MOUSEMOVE	130352625	765,369
MOUSEMOVE	130352625	815,367
MOUSEMOVE	130352640	863,367
MOUSEMOVE	130352640	907,367
MOUSEMOVE	130352656	945,367
MOUSEMOVE	130352656	975,367
MOUSEMOVE	130352671	999,367
MOUSEMOVE	130352671	1014,367
MOUSEMOVE	130352703	1023,367
MOUSEMOVE	130352718	1030,367
MOUSEMOVE	130352921	1033,367
MOUSEMOVE	130352921	1035,367
MOUSEMOVE	130352937	1037,367
MOUSEMOVE	130352937	1039,367
MOUSEMOVE	130352953	1041,366
MOUSEMOVE	130352953	1044,366
MOUSEMOVE	130352968	1047,365
MOUSEMOVE	130352968	1051,364
MOUSEMOVE	130352984	1055,363
MOUSEMOVE	130352984	1060,362
MOUSEMOVE	130353000	1063,361
MOUSEMOVE	130353000	1065,360
MOUSEMOVE	130353015	1067,359
LBUTTONDOWN	130353125	1067,359
MOUSEMOVE	130353218	1068,359
LBUTTONUP	130353234	1068,359
MOUSEMOVE	130353375	1068,359
MOUSEMOVE	130353390	1068,358
MOUSEMOVE	130353390	1067,357
MOUSEMOVE	130353406	1066,356
MOUSEMOVE	130353421	1063,355
MOUSEMOVE	130353421	1061,353
MOUSEMOVE	130353437	1059,351
MOUSEMOVE	130353437	1057,349
MOUSEMOVE	130353453	1054,348
MOUSEMOVE	130353453	1050,344
MOUSEMOVE	130353468	1044,340
MOUSEMOVE	130353468	1036,336
MOUSEMOVE	130353484	1023,332
MOUSEMOVE	130353484	1007,324
MOUSEMOVE	130353500	986,314
MOUSEMOVE	130353500	963,303
MOUSEMOVE	130353515	935,291
MOUSEMOVE	130353515	908,283
MOUSEMOVE	130353531	881,277
MOUSEMOVE	130353531	851,269
MOUSEMOVE	130353546	824,262
MOUSEMOVE	130353546	797,254
MOUSEMOVE	130353562	773,248
MOUSEMOVE	130353562	754,244
MOUSEMOVE	130353578	743,242
MOUSEMOVE	130353578	735,239
MOUSEMOVE	130353593	729,237
MOUSEMOVE	130381062	726,236
MOUSEMOVE	130381078	725,236
MOUSEMOVE	130660796	725,236
MOUSEMOVE	130698250	724,236
MOUSEMOVE	130698343	724,236
MOUSEMOVE	130698359	723,239
MOUSEMOVE	130698359	722,243
MOUSEMOVE	130698375	722,247
MOUSEMOVE	130698375	722,250
MOUSEMOVE	130698390	722,253
MOUSEMOVE	130698390	722,257
MOUSEMOVE	130698406	722,262
MOUSEMOVE	130698406	722,268
MOUSEMOVE	130698421	721,274
MOUSEMOVE	130698421	719,279
MOUSEMOVE	130698437	716,283
MOUSEMOVE	130698437	712,289
MOUSEMOVE	130698453	709,293
MOUSEMOVE	130698453	705,296
MOUSEMOVE	130698468	703,299
MOUSEMOVE	130698468	701,300
MOUSEMOVE	130698484	700,301
MOUSEMOVE	130698484	699,302
MOUSEMOVE	130698500	697,303
MOUSEMOVE	130698500	697,304
MOUSEMOVE	130698546	696,304
MOUSEMOVE	130698546	696,304
MOUSEMOVE	130698562	694,304
MOUSEMOVE	130698578	692,304
MOUSEMOVE	130698593	691,304
MOUSEMOVE	130698671	690,304
MOUSEMOVE	130698671	690,304
MOUSEMOVE	130698687	687,304
MOUSEMOVE	130698687	686,304
MOUSEMOVE	130698703	684,304
MOUSEMOVE	130698703	682,304
MOUSEMOVE	130698718	679,304
MOUSEMOVE	130698718	676,305
MOUSEMOVE	130698734	671,307
MOUSEMOVE	130698734	661,308
MOUSEMOVE	130698750	649,308
MOUSEMOVE	130698750	635,308
MOUSEMOVE	130698765	618,308
MOUSEMOVE	130698765	602,308
MOUSEMOVE	130698781	583,308
MOUSEMOVE	130698781	564,308
MOUSEMOVE	130698796	547,308
MOUSEMOVE	130698796	531,308
MOUSEMOVE	130698812	514,308
MOUSEMOVE	130698812	495,308
MOUSEMOVE	130698828	476,308
MOUSEMOVE	130698828	456,308
MOUSEMOVE	130698843	437,308
MOUSEMOVE	130698843	423,308
MOUSEMOVE	130698859	410,308
MOUSEMOVE	130698859	398,308
MOUSEMOVE	130698875	387,308
MOUSEMOVE	130698875	378,308
MOUSEMOVE	130698890	370,308
MOUSEMOVE	130698890	362,308
MOUSEMOVE	130698906	353,309
MOUSEMOVE	130698906	347,310
MOUSEMOVE	130698921	338,311
MOUSEMOVE	130698921	331,313
MOUSEMOVE	130698937	323,315
MOUSEMOVE	130698937	316,318
MOUSEMOVE	130698953	309,321
MOUSEMOVE	130698953	303,324
MOUSEMOVE	130698968	298,328
MOUSEMOVE	130698968	294,334
MOUSEMOVE	130698984	290,341
MOUSEMOVE	130699000	287,350
MOUSEMOVE	130699000	285,359
MOUSEMOVE	130699015	284,370
MOUSEMOVE	130699015	284,382
MOUSEMOVE	130699031	286,394
MOUSEMOVE	130699031	289,410
MOUSEMOVE	130699046	293,426
MOUSEMOVE	130699046	297,439
MOUSEMOVE	130699062	300,453
MOUSEMOVE	130699062	302,466
MOUSEMOVE	130699078	305,480
MOUSEMOVE	130699078	310,492
MOUSEMOVE	130699093	314,503
MOUSEMOVE	130699093	318,514
MOUSEMOVE	130699109	322,524
MOUSEMOVE	130699109	325,532
MOUSEMOVE	130699140	328,539
MOUSEMOVE	130699140	331,545
MOUSEMOVE	130699140	333,551
MOUSEMOVE	130699140	335,554
MOUSEMOVE	130699156	335,556
MOUSEMOVE	130699234	335,557
MOUSEMOVE	130699234	335,557
MOUSEMOVE	130699250	332,556
MOUSEMOVE	130699250	327,554
MOUSEMOVE	130699265	320,550
MOUSEMOVE	130699265	309,544
MOUSEMOVE	130699281	296,537
MOUSEMOVE	130699281	280,528
MOUSEMOVE	130699296	267,521
MOUSEMOVE	130699296	254,514
MOUSEMOVE	130699312	241,507
MOUSEMOVE	130699312	230,500
MOUSEMOVE	130699328	220,493
MOUSEMOVE	130699343	209,487
MOUSEMOVE	130699343	199,480
MOUSEMOVE	130699359	189,474
MOUSEMOVE	130699359	181,469
MOUSEMOVE	130699375	173,465
MOUSEMOVE	130699375	167,461
MOUSEMOVE	130699390	161,458
MOUSEMOVE	130699390	156,455
MOUSEMOVE	130699406	151,453
MOUSEMOVE	130699406	148,452
MOUSEMOVE	130699421	146,451
MOUSEMOVE	130699421	143,450
MOUSEMOVE	130699437	142,449
MOUSEMOVE	130699437	141,449
MOUSEMOVE	130699453	140,448
MOUSEMOVE	130699453	139,448
MOUSEMOVE	130699468	138,447
MOUSEMOVE	130699468	137,446
MOUSEMOVE	130699484	136,446
MOUSEMOVE	130699484	134,445
MOUSEMOVE	130699500	132,443
MOUSEMOVE	130699500	130,441
MOUSEMOVE	130699515	126,439
MOUSEMOVE	130699515	123,435
MOUSEMOVE	130699531	118,431
MOUSEMOVE	130699531	113,427
MOUSEMOVE	130699546	108,423
MOUSEMOVE	130699546	105,420
MOUSEMOVE	130699562	102,416
MOUSEMOVE	130699562	100,413
MOUSEMOVE	130699578	99,409
MOUSEMOVE	130699578	98,404
MOUSEMOVE	130699593	97,399
MOUSEMOVE	130699593	97,392
MOUSEMOVE	130699609	97,385
MOUSEMOVE	130699609	97,380
MOUSEMOVE	130699625	98,374
MOUSEMOVE	130699625	98,370
MOUSEMOVE	130699640	99,366
MOUSEMOVE	130699640	100,362
MOUSEMOVE	130699656	100,360
MOUSEMOVE	130699656	101,359
MOUSEMOVE	130699671	101,358
LBUTTONDOWN	130699875	101,358
LBUTTONUP	130700000	101,358
MOUSEMOVE	130700312	101,358
MOUSEMOVE	130700312	103,358
MOUSEMOVE	130700328	110,361
MOUSEMOVE	130700328	122,366
MOUSEMOVE	130700343	144,376
MOUSEMOVE	130700359	178,390
MOUSEMOVE	130700359	217,409
MOUSEMOVE	130700375	259,430
MOUSEMOVE	130700375	298,443
MOUSEMOVE	130700390	333,452
MOUSEMOVE	130700390	361,455
MOUSEMOVE	130700406	381,454
MOUSEMOVE	130700421	405,451
MOUSEMOVE	130700421	415,448
MOUSEMOVE	130700437	423,445
MOUSEMOVE	130700437	432,441
MOUSEMOVE	130700453	440,436
MOUSEMOVE	130700453	450,431
MOUSEMOVE	130700468	461,423
MOUSEMOVE	130700468	475,412
MOUSEMOVE	130700484	487,401
MOUSEMOVE	130700484	502,387
MOUSEMOVE	130700500	515,374
MOUSEMOVE	130700500	530,362
MOUSEMOVE	130700515	537,356
MOUSEMOVE	130700515	546,348
MOUSEMOVE	130700531	556,342
MOUSEMOVE	130700531	564,336
MOUSEMOVE	130700546	574,332
MOUSEMOVE	130700546	584,328
MOUSEMOVE	130700562	593,324
MOUSEMOVE	130700562	604,321
MOUSEMOVE	130700578	615,320
MOUSEMOVE	130700578	626,319
MOUSEMOVE	130700593	637,319
MOUSEMOVE	130700593	647,321
MOUSEMOVE	130700609	657,324
MOUSEMOVE	130700609	668,331
MOUSEMOVE	130700625	678,339
MOUSEMOVE	130700625	690,351
MOUSEMOVE	130700640	704,366
MOUSEMOVE	130700640	715,383
MOUSEMOVE	130700656	725,401
MOUSEMOVE	130700656	734,417
MOUSEMOVE	130700671	741,434
MOUSEMOVE	130700687	744,450
MOUSEMOVE	130700687	747,465
MOUSEMOVE	130700703	748,482
MOUSEMOVE	130700703	748,504
MOUSEMOVE	130700718	744,531
MOUSEMOVE	130700718	740,554
MOUSEMOVE	130700734	730,580
MOUSEMOVE	130700734	721,602
MOUSEMOVE	130700750	709,626
MOUSEMOVE	130700750	697,645
MOUSEMOVE	130700765	684,664
MOUSEMOVE	130700765	670,679
MOUSEMOVE	130700781	655,694
MOUSEMOVE	130700781	637,711
MOUSEMOVE	130700796	618,724
MOUSEMOVE	130700796	597,736
MOUSEMOVE	130700812	573,747
MOUSEMOVE	130700812	549,755
MOUSEMOVE	130700828	529,760
MOUSEMOVE	130700828	510,766
MOUSEMOVE	130700843	492,770
MOUSEMOVE	130700843	477,768
MOUSEMOVE	130700859	464,768
MOUSEMOVE	130700859	451,767
MOUSEMOVE	130700875	438,769
MOUSEMOVE	130700875	428,768
MOUSEMOVE	130700890	418,769
MOUSEMOVE	130700890	412,769
MOUSEMOVE	130700906	408,770
MOUSEMOVE	130700906	404,770
MOUSEMOVE	130700921	402,768
MOUSEMOVE	130700921	401,768
MOUSEMOVE	130700953	401,768
MOUSEMOVE	130700968	401,768
MOUSEMOVE	130700968	401,769
MOUSEMOVE	130700984	401,769
MOUSEMOVE	130700984	402,768
MOUSEMOVE	130701000	402,768
MOUSEMOVE	130701015	402,768
MOUSEMOVE	130701015	403,768
MOUSEMOVE	130701031	404,768
MOUSEMOVE	130701046	404,768
MOUSEMOVE	130701046	405,768
MOUSEMOVE	130701062	406,767
MOUSEMOVE	130701093	408,767
MOUSEMOVE	130701093	410,767
MOUSEMOVE	130701109	412,767
MOUSEMOVE	130701109	415,767
MOUSEMOVE	130701125	417,767
MOUSEMOVE	130701125	420,767
MOUSEMOVE	130701140	422,767
MOUSEMOVE	130701140	425,766
MOUSEMOVE	130701156	427,765
MOUSEMOVE	130701156	430,764
MOUSEMOVE	130701171	432,762
MOUSEMOVE	130701171	434,762
MOUSEMOVE	130701187	435,761
MOUSEMOVE	130701187	437,761
MOUSEMOVE	130701203	438,760
MOUSEMOVE	130701203	439,760
MOUSEMOVE	130701218	441,760
MOUSEMOVE	130701234	443,759
MOUSEMOVE	130701250	444,759
MOUSEMOVE	130701250	445,759
MOUSEMOVE	130701265	447,759
MOUSEMOVE	130701265	448,759
MOUSEMOVE	130701281	449,759
MOUSEMOVE	130701281	451,758
MOUSEMOVE	130701296	452,758
MOUSEMOVE	130701296	454,758
MOUSEMOVE	130701312	456,758
MOUSEMOVE	130701312	459,758
MOUSEMOVE	130701328	462,758
MOUSEMOVE	130701328	466,758
MOUSEMOVE	130701343	469,758
MOUSEMOVE	130701359	473,758
MOUSEMOVE	130701359	476,759
MOUSEMOVE	130701375	479,759
MOUSEMOVE	130701375	481,759
MOUSEMOVE	130701390	484,759
MOUSEMOVE	130701390	486,760
MOUSEMOVE	130701406	488,760
MOUSEMOVE	130701406	489,760
MOUSEMOVE	130701421	491,760
MOUSEMOVE	130701421	492,760
MOUSEMOVE	130701437	493,760
MOUSEMOVE	130701437	494,760
MOUSEMOVE	130701453	496,760
MOUSEMOVE	130701453	498,760
MOUSEMOVE	130701468	499,760
MOUSEMOVE	130701468	500,760
MOUSEMOVE	130701484	502,760
MOUSEMOVE	130701484	504,760
MOUSEMOVE	130701500	506,760
MOUSEMOVE	130701500	507,760
MOUSEMOVE	130701515	508,760
MOUSEMOVE	130701515	510,760
MOUSEMOVE	130701531	511,760
MOUSEMOVE	130701531	512,760
MOUSEMOVE	130701625	514,760
MOUSEMOVE	130701640	517,760
MOUSEMOVE	130701640	519,760
MOUSEMOVE	130701656	522,760
MOUSEMOVE	130701656	526,760
MOUSEMOVE	130701671	532,760
MOUSEMOVE	130701671	539,760
MOUSEMOVE	130701687	546,760
MOUSEMOVE	130701687	555,760
MOUSEMOVE	130701703	564,760
MOUSEMOVE	130701718	575,760
MOUSEMOVE	130701718	584,760
MOUSEMOVE	130701734	596,760
MOUSEMOVE	130701734	607,760
MOUSEMOVE	130701750	619,760
MOUSEMOVE	130701750	633,760
MOUSEMOVE	130701765	647,760
MOUSEMOVE	130701765	663,760
MOUSEMOVE	130701781	679,760
MOUSEMOVE	130701781	699,760
MOUSEMOVE	130701796	718,760
MOUSEMOVE	130701796	737,760
MOUSEMOVE	130701812	756,760
MOUSEMOVE	130701812	775,760
MOUSEMOVE	130701828	794,760
MOUSEMOVE	130701828	811,760
MOUSEMOVE	130701843	824,760
MOUSEMOVE	130701843	836,760
MOUSEMOVE	130701859	845,760
MOUSEMOVE	130701859	851,760
MOUSEMOVE	130701875	854,760
MOUSEMOVE	130701921	853,760
MOUSEMOVE	130701937	849,760
MOUSEMOVE	130701937	842,760
MOUSEMOVE	130701953	833,760
MOUSEMOVE	130701953	821,760
MOUSEMOVE	130701968	806,760
MOUSEMOVE	130701968	792,760
MOUSEMOVE	130701984	774,760
MOUSEMOVE	130701984	757,760
MOUSEMOVE	130702000	738,760
MOUSEMOVE	130702000	719,760
MOUSEMOVE	130702015	699,760
MOUSEMOVE	130702015	678,760
MOUSEMOVE	130702031	653,760
MOUSEMOVE	130702046	631,760
MOUSEMOVE	130702046	609,760
MOUSEMOVE	130702062	593,760
MOUSEMOVE	130702062	576,760
MOUSEMOVE	130702078	562,760
MOUSEMOVE	130702078	549,760
MOUSEMOVE	130702093	537,760
MOUSEMOVE	130702093	527,760
MOUSEMOVE	130702109	519,760
MOUSEMOVE	130702109	512,761
MOUSEMOVE	130702125	507,762
MOUSEMOVE	130702125	501,763
MOUSEMOVE	130702140	495,765
MOUSEMOVE	130702140	491,766
MOUSEMOVE	130702156	488,767
MOUSEMOVE	130702156	486,768
MOUSEMOVE	130702171	483,768
MOUSEMOVE	130702171	482,767
MOUSEMOVE	130702187	482,767
MOUSEMOVE	130702203	481,768
MOUSEMOVE	130702218	480,768
MOUSEMOVE	130702281	479,767
MOUSEMOVE	130702281	477,767
MOUSEMOVE	130702296	475,767
MOUSEMOVE	130702296	473,767
MOUSEMOVE	130702312	471,767
MOUSEMOVE	130702312	470,767
MOUSEMOVE	130702328	467,767
MOUSEMOVE	130702328	466,767
MOUSEMOVE	130702343	465,767
MOUSEMOVE	130702359	463,767
MOUSEMOVE	130702375	461,766
MOUSEMOVE	130702390	461,766
LBUTTONDOWN	130702562	461,766
LBUTTONUP	130702671	461,766
MOUSEMOVE	130702750	461,765
MOUSEMOVE	130702765	461,764
MOUSEMOVE	130702781	462,763
MOUSEMOVE	130702781	462,761
MOUSEMOVE	130702796	464,759
MOUSEMOVE	130702796	464,757
MOUSEMOVE	130702812	466,754
MOUSEMOVE	130702812	468,751
MOUSEMOVE	130702828	472,748
MOUSEMOVE	130702828	475,744
MOUSEMOVE	130702843	477,741
MOUSEMOVE	130702843	481,737
MOUSEMOVE	130702859	483,734
MOUSEMOVE	130702859	488,731
MOUSEMOVE	130702875	493,727
MOUSEMOVE	130702875	497,723
MOUSEMOVE	130702890	501,719
MOUSEMOVE	130702890	507,715
MOUSEMOVE	130702906	512,710
MOUSEMOVE	130702906	518,705
MOUSEMOVE	130702921	525,700
MOUSEMOVE	130702921	532,694
MOUSEMOVE	130702937	540,686
MOUSEMOVE	130702937	548,680
MOUSEMOVE	130702953	558,672
MOUSEMOVE	130702953	568,663
MOUSEMOVE	130702968	580,654
MOUSEMOVE	130702968	590,645
MOUSEMOVE	130702984	602,634
MOUSEMOVE	130702984	616,624
MOUSEMOVE	130703000	630,614
MOUSEMOVE	130703000	641,606
MOUSEMOVE	130703015	652,599
MOUSEMOVE	130703015	662,593
MOUSEMOVE	130703031	672,586
MOUSEMOVE	130703046	683,578
MOUSEMOVE	130703046	695,570
MOUSEMOVE	130703062	705,561
MOUSEMOVE	130703062	716,552
MOUSEMOVE	130703078	728,541
MOUSEMOVE	130703093	763,510
MOUSEMOVE	130703109	770,500
MOUSEMOVE	130703109	778,490
MOUSEMOVE	130703125	785,481
MOUSEMOVE	130703125	790,472
MOUSEMOVE	130703140	796,463
MOUSEMOVE	130703140	800,455
MOUSEMOVE	130703156	804,446
MOUSEMOVE	130703156	806,438
MOUSEMOVE	130703171	808,429
MOUSEMOVE	130703171	811,419
MOUSEMOVE	130703187	815,409
MOUSEMOVE	130703187	818,398
MOUSEMOVE	130703203	822,389
MOUSEMOVE	130703203	827,377
MOUSEMOVE	130703218	830,367
MOUSEMOVE	130703218	832,357
MOUSEMOVE	130703234	834,349
MOUSEMOVE	130703234	835,341
MOUSEMOVE	130703250	836,334
MOUSEMOVE	130703250	837,327
MOUSEMOVE	130703265	837,321
MOUSEMOVE	130703265	837,316
MOUSEMOVE	130703281	837,311
MOUSEMOVE	130703281	837,304
MOUSEMOVE	130703296	837,297
MOUSEMOVE	130703296	836,290
MOUSEMOVE	130703312	833,282
MOUSEMOVE	130703312	829,272
MOUSEMOVE	130703328	824,263
MOUSEMOVE	130703328	821,256
MOUSEMOVE	130703343	817,249
MOUSEMOVE	130703343	814,244
MOUSEMOVE	130703359	812,241
MOUSEMOVE	130703359	809,236
MOUSEMOVE	130703375	806,233
MOUSEMOVE	130703390	803,228
MOUSEMOVE	130703390	798,223
MOUSEMOVE	130703406	794,217
MOUSEMOVE	130703406	789,211
MOUSEMOVE	130703421	785,206
MOUSEMOVE	130703421	781,201
MOUSEMOVE	130703437	778,198
MOUSEMOVE	130703437	776,194
MOUSEMOVE	130703453	772,192
MOUSEMOVE	130703453	770,189
MOUSEMOVE	130703468	768,188
MOUSEMOVE	130703468	766,186
MOUSEMOVE	130703484	765,186
MOUSEMOVE	130703484	764,185
MOUSEMOVE	130703500	763,184
MOUSEMOVE	130703625	762,184
MOUSEMOVE	130703953	761,184
MOUSEMOVE	130703968	760,187
MOUSEMOVE	130703968	758,190
MOUSEMOVE	130703984	756,196
MOUSEMOVE	130703984	754,202
MOUSEMOVE	130704000	753,208
MOUSEMOVE	130704000	751,217
MOUSEMOVE	130704015	750,226
MOUSEMOVE	130704015	749,236
MOUSEMOVE	130704031	749,245
MOUSEMOVE	130704046	749,254
MOUSEMOVE	130704046	749,265
MOUSEMOVE	130704062	747,276
MOUSEMOVE	130704062	745,287
MOUSEMOVE	130704078	743,296
MOUSEMOVE	130704078	740,306
MOUSEMOVE	130704093	737,313
MOUSEMOVE	130704093	735,321
MOUSEMOVE	130704109	732,330
MOUSEMOVE	130704109	730,338
MOUSEMOVE	130704125	728,345
MOUSEMOVE	130704125	727,353
MOUSEMOVE	130704140	726,360
MOUSEMOVE	130704140	725,368
MOUSEMOVE	130704156	723,375
MOUSEMOVE	130704156	722,383
MOUSEMOVE	130704171	720,390
MOUSEMOVE	130704171	719,396
MOUSEMOVE	130704187	718,400
MOUSEMOVE	130704187	717,405
MOUSEMOVE	130704203	716,408
MOUSEMOVE	130704203	715,411
MOUSEMOVE	130704218	714,413
MOUSEMOVE	130704218	713,414
MOUSEMOVE	130704234	713,415
MOUSEMOVE	130704234	712,416
MOUSEMOVE	130704250	711,418
MOUSEMOVE	130704250	711,419
MOUSEMOVE	130704265	710,420
MOUSEMOVE	130704281	710,423
MOUSEMOVE	130704328	710,423
MOUSEMOVE	130731250	711,421
MOUSEMOVE	130731250	715,415
MOUSEMOVE	130731265	720,406
MOUSEMOVE	130731265	725,399
MOUSEMOVE	130731281	730,393
MOUSEMOVE	130731281	734,387
MOUSEMOVE	130731296	738,381
MOUSEMOVE	130731296	740,375
MOUSEMOVE	130731312	742,371
MOUSEMOVE	130731312	743,367
MOUSEMOVE	130731328	743,366
MOUSEMOVE	130731531	743,365
MOUSEMOVE	130731578	743,363
MOUSEMOVE	130731593	741,364
MOUSEMOVE	130731593	739,365
MOUSEMOVE	130731609	738,366
MOUSEMOVE	130731609	737,366
MOUSEMOVE	130731625	735,366
MOUSEMOVE	130731640	735,366
MOUSEMOVE	130731656	733,365
MOUSEMOVE	130731656	731,362
MOUSEMOVE	130731671	727,356
MOUSEMOVE	130731671	723,349
MOUSEMOVE	130731687	719,342
MOUSEMOVE	130731687	714,333
MOUSEMOVE	130731703	711,325
MOUSEMOVE	130731703	708,316
MOUSEMOVE	130731718	706,309
MOUSEMOVE	130731718	704,302
MOUSEMOVE	130731734	701,295
MOUSEMOVE	130731734	700,289
MOUSEMOVE	130731750	699,284
MOUSEMOVE	130731750	699,278
MOUSEMOVE	130731765	699,273
MOUSEMOVE	130731765	699,268
MOUSEMOVE	130731781	699,263
MOUSEMOVE	130731781	699,259
MOUSEMOVE	130731796	699,255
MOUSEMOVE	130731796	699,251
MOUSEMOVE	130731812	699,247
MOUSEMOVE	130731812	699,243
MOUSEMOVE	130731828	699,238
MOUSEMOVE	130731843	700,234
MOUSEMOVE	130731843	700,227
MOUSEMOVE	130731859	700,222
MOUSEMOVE	130731859	698,215
MOUSEMOVE	130731875	695,209
MOUSEMOVE	130731875	692,203
MOUSEMOVE	130731890	689,197
MOUSEMOVE	130731890	685,191
MOUSEMOVE	130731906	681,185
MOUSEMOVE	130731906	677,178
MOUSEMOVE	130731921	673,171
MOUSEMOVE	130731921	669,164
MOUSEMOVE	130731937	666,159
MOUSEMOVE	130731937	664,154
MOUSEMOVE	130731953	662,150
MOUSEMOVE	130731953	660,145
MOUSEMOVE	130731968	659,141
MOUSEMOVE	130731968	658,137
MOUSEMOVE	130731984	656,133
MOUSEMOVE	130731984	655,130
MOUSEMOVE	130732000	655,128
MOUSEMOVE	130732000	654,125
MOUSEMOVE	130732015	653,123
MOUSEMOVE	130732015	653,121
MOUSEMOVE	130732031	653,120
MOUSEMOVE	130732046	652,118
MOUSEMOVE	130732046	652,115
MOUSEMOVE	130732046	652,114
MOUSEMOVE	130732062	651,113
MOUSEMOVE	130732062	650,111
MOUSEMOVE	130732078	649,110
MOUSEMOVE	130732078	648,109
MOUSEMOVE	130732093	648,109
MOUSEMOVE	130732125	647,108
MOUSEMOVE	130732437	647,108
LBUTTONDOWN	130732453	647,108
LBUTTONUP	130732546	647,108
MOUSEMOVE	130733062	647,107
MOUSEMOVE	130733062	649,107
MOUSEMOVE	130733078	654,107
MOUSEMOVE	130733078	663,108
MOUSEMOVE	130733093	676,108
MOUSEMOVE	130733093	695,108
MOUSEMOVE	130733109	722,108
MOUSEMOVE	130733109	754,108
MOUSEMOVE	130733125	795,108
MOUSEMOVE	130733125	842,110
MOUSEMOVE	130733140	888,110
MOUSEMOVE	130733140	936,110
MOUSEMOVE	130733156	986,116
MOUSEMOVE	130733156	1037,127
MOUSEMOVE	130733171	1082,135
MOUSEMOVE	130733171	1122,142
MOUSEMOVE	130733187	1156,147
MOUSEMOVE	130733187	1187,150
MOUSEMOVE	130733203	1208,155
MOUSEMOVE	130733218	1222,157
MOUSEMOVE	130733218	1231,159
MOUSEMOVE	130733265	1234,160
MOUSEMOVE	130733281	1236,161
MOUSEMOVE	130733296	1236,161
MOUSEMOVE	130733312	1236,162
MOUSEMOVE	130733328	1235,163
MOUSEMOVE	130733421	1234,163
MOUSEMOVE	130733437	1233,163
MOUSEMOVE	130733437	1231,163
MOUSEMOVE	130733453	1229,163
MOUSEMOVE	130733453	1227,163
MOUSEMOVE	130733468	1224,163
MOUSEMOVE	130733468	1220,163
MOUSEMOVE	130733484	1216,162
MOUSEMOVE	130733484	1213,162
MOUSEMOVE	130733500	1209,162
MOUSEMOVE	130733500	1206,161
MOUSEMOVE	130733515	1204,160
MOUSEMOVE	130733515	1201,159
MOUSEMOVE	130733531	1199,159
MOUSEMOVE	130733546	1198,159
MOUSEMOVE	130733546	1197,159
MOUSEMOVE	130733562	1195,159
MOUSEMOVE	130733562	1194,159
MOUSEMOVE	130733578	1193,158
MOUSEMOVE	130733593	1191,158
MOUSEMOVE	130733796	1191,157
MOUSEMOVE	130733828	1190,157
MOUSEMOVE	130733859	1188,157
MOUSEMOVE	130733890	1186,157
MOUSEMOVE	130734203	1186,157
LBUTTONDOWN	130734218	1186,157
MOUSEMOVE	130734296	1184,157
MOUSEMOVE	130734312	1182,158
MOUSEMOVE	130734312	1179,158
MOUSEMOVE	130734328	1176,159
MOUSEMOVE	130734328	1172,159
MOUSEMOVE	130734343	1168,160
MOUSEMOVE	130734343	1161,161
MOUSEMOVE	130734359	1153,161
MOUSEMOVE	130734359	1145,161
MOUSEMOVE	130734375	1135,161
MOUSEMOVE	130734375	1126,161
MOUSEMOVE	130734390	1115,161
MOUSEMOVE	130734390	1106,161
MOUSEMOVE	130734406	1095,161
MOUSEMOVE	130734406	1084,161
MOUSEMOVE	130734421	1072,161
MOUSEMOVE	130734421	1058,161
MOUSEMOVE	130734437	1045,161
MOUSEMOVE	130734437	1033,161
MOUSEMOVE	130734453	1021,161
MOUSEMOVE	130734453	1011,161
MOUSEMOVE	130734468	999,161
MOUSEMOVE	130734468	989,161
MOUSEMOVE	130734484	980,161
MOUSEMOVE	130734484	971,161
MOUSEMOVE	130734500	963,163
MOUSEMOVE	130734500	953,164
MOUSEMOVE	130734515	944,165
MOUSEMOVE	130734515	934,165
MOUSEMOVE	130734531	925,166
MOUSEMOVE	130734546	915,167
MOUSEMOVE	130734546	907,167
MOUSEMOVE	130734562	899,167
MOUSEMOVE	130734562	890,167
MOUSEMOVE	130734578	881,167
MOUSEMOVE	130734578	873,167
MOUSEMOVE	130734593	863,167
MOUSEMOVE	130734593	855,167
MOUSEMOVE	130734609	847,167
MOUSEMOVE	130734609	839,167
MOUSEMOVE	130734625	831,167
MOUSEMOVE	130734625	823,167
MOUSEMOVE	130734640	814,167
MOUSEMOVE	130734640	805,167
MOUSEMOVE	130734656	795,167
MOUSEMOVE	130734656	786,167
MOUSEMOVE	130734671	777,167
MOUSEMOVE	130734671	767,167
MOUSEMOVE	130734687	759,167
MOUSEMOVE	130734687	751,167
MOUSEMOVE	130734703	743,167
MOUSEMOVE	130734703	735,167
MOUSEMOVE	130734718	727,167
MOUSEMOVE	130734718	719,167
MOUSEMOVE	130734734	711,167
MOUSEMOVE	130734734	703,167
MOUSEMOVE	130734750	695,167
MOUSEMOVE	130734750	688,167
MOUSEMOVE	130734765	683,167
MOUSEMOVE	130734765	679,167
MOUSEMOVE	130734781	675,167
MOUSEMOVE	130734781	672,167
MOUSEMOVE	130734796	669,167
MOUSEMOVE	130734796	667,167
MOUSEMOVE	130734812	666,167
MOUSEMOVE	130734812	665,167
MOUSEMOVE	130734828	664,167
MOUSEMOVE	130734828	661,167
MOUSEMOVE	130734843	660,167
MOUSEMOVE	130734843	659,167
MOUSEMOVE	130734859	658,167
MOUSEMOVE	130734890	655,167
MOUSEMOVE	130734906	653,167
MOUSEMOVE	130734921	652,167
MOUSEMOVE	130735000	651,168
MOUSEMOVE	130735015	650,168
MOUSEMOVE	130735031	648,168
MOUSEMOVE	130735031	646,168
MOUSEMOVE	130735046	645,168
MOUSEMOVE	130735046	644,168
MOUSEMOVE	130735062	643,168
MOUSEMOVE	130735078	642,168
MOUSEMOVE	130735093	640,168
MOUSEMOVE	130735109	639,169
MOUSEMOVE	130735156	638,169
MOUSEMOVE	130735171	638,169
MOUSEMOVE	130735171	636,169
MOUSEMOVE	130735281	635,169
MOUSEMOVE	130735328	635,169
MOUSEMOVE	130735359	634,169
MOUSEMOVE	130735375	632,169
MOUSEMOVE	130735718	632,169
LBUTTONUP	130735734	632,169
MOUSEMOVE	130735750	631,169
MOUSEMOVE	130735781	631,169
MOUSEMOVE	130735781	631,169
MOUSEMOVE	130735796	633,169
MOUSEMOVE	130735796	636,170
MOUSEMOVE	130735812	640,172
MOUSEMOVE	130735812	644,173
MOUSEMOVE	130735843	649,175
MOUSEMOVE	130735843	655,178
MOUSEMOVE	130735843	662,181
MOUSEMOVE	130735843	668,183
MOUSEMOVE	130735859	675,185
MOUSEMOVE	130735859	680,188
MOUSEMOVE	130735875	686,190
MOUSEMOVE	130735875	692,193
MOUSEMOVE	130735890	695,194
MOUSEMOVE	130735906	698,194
MOUSEMOVE	130735906	700,196
MOUSEMOVE	130735921	702,197
MOUSEMOVE	130735921	703,197
MOUSEMOVE	130735937	705,197
MOUSEMOVE	130735937	706,198
MOUSEMOVE	130735968	707,199
MOUSEMOVE	130735968	708,200
MOUSEMOVE	130735984	708,200
MOUSEMOVE	130736000	709,202
MOUSEMOVE	130736000	710,202
MOUSEMOVE	130736015	710,203
MOUSEMOVE	130736015	712,205
MOUSEMOVE	130736031	712,206
MOUSEMOVE	130736031	713,208
MOUSEMOVE	130736046	714,212
MOUSEMOVE	130736046	716,216
MOUSEMOVE	130736062	718,221
MOUSEMOVE	130736062	720,226
MOUSEMOVE	130736078	722,231
MOUSEMOVE	130736078	723,237
MOUSEMOVE	130736093	725,240
MOUSEMOVE	130736093	725,243
MOUSEMOVE	130736109	726,245
MOUSEMOVE	130736109	726,247
MOUSEMOVE	130736125	727,250
MOUSEMOVE	130736125	728,251
MOUSEMOVE	130736140	728,252
LBUTTONDOWN	130736531	728,252
MOUSEMOVE	130736562	728,253
MOUSEMOVE	130736578	728,255
MOUSEMOVE	130736593	728,257
MOUSEMOVE	130736593	728,258
MOUSEMOVE	130736609	728,260
MOUSEMOVE	130736609	728,264
MOUSEMOVE	130736625	728,268
MOUSEMOVE	130736625	728,275
MOUSEMOVE	130736640	728,282
MOUSEMOVE	130736640	728,289
MOUSEMOVE	130736656	728,295
MOUSEMOVE	130736656	728,302
MOUSEMOVE	130736671	728,307
MOUSEMOVE	130736671	728,314
MOUSEMOVE	130736687	728,321
MOUSEMOVE	130736687	728,329
MOUSEMOVE	130736703	728,337
MOUSEMOVE	130736703	728,346
MOUSEMOVE	130736718	728,358
MOUSEMOVE	130736718	728,370
MOUSEMOVE	130736734	728,383
MOUSEMOVE	130736734	728,397
MOUSEMOVE	130736750	728,410
MOUSEMOVE	130736750	728,422
MOUSEMOVE	130736765	728,434
MOUSEMOVE	130736765	728,446
MOUSEMOVE	130736781	726,456
MOUSEMOVE	130736781	726,467
MOUSEMOVE	130736796	726,476
MOUSEMOVE	130736796	726,486
MOUSEMOVE	130736812	726,494
MOUSEMOVE	130736812	726,500
MOUSEMOVE	130736828	726,507
MOUSEMOVE	130736828	726,514
MOUSEMOVE	130736843	725,521
MOUSEMOVE	130736843	725,526
MOUSEMOVE	130736859	724,531
MOUSEMOVE	130736859	722,535
MOUSEMOVE	130736875	721,538
MOUSEMOVE	130736875	721,541
MOUSEMOVE	130736890	720,543
MOUSEMOVE	130736906	720,546
MOUSEMOVE	130736906	720,548
MOUSEMOVE	130736921	720,549
MOUSEMOVE	130736921	719,550
MOUSEMOVE	130736953	719,553
MOUSEMOVE	130736968	718,555
MOUSEMOVE	130736984	718,557
MOUSEMOVE	130737000	718,558
MOUSEMOVE	130737000	718,559
LBUTTONUP	130737343	718,559
MOUSEMOVE	130737343	717,559
MOUSEMOVE	130737359	717,557
MOUSEMOVE	130737375	717,556
MOUSEMOVE	130737375	717,554
MOUSEMOVE	130737390	718,551
MOUSEMOVE	130737390	720,545
MOUSEMOVE	130737406	721,538
MOUSEMOVE	130737406	722,529
MOUSEMOVE	130737421	724,518
MOUSEMOVE	130737421	726,504
MOUSEMOVE	130737437	730,489
MOUSEMOVE	130737437	734,470
MOUSEMOVE	130737453	739,449
MOUSEMOVE	130737453	744,428
MOUSEMOVE	130737468	747,409
MOUSEMOVE	130737468	750,394
MOUSEMOVE	130737484	752,378
MOUSEMOVE	130737484	754,366
MOUSEMOVE	130737500	755,354
MOUSEMOVE	130737500	757,345
MOUSEMOVE	130737515	758,338
MOUSEMOVE	130737515	758,334
MOUSEMOVE	130737531	758,332
MOUSEMOVE	130737609	758,330
LBUTTONDOWN	130737625	758,330
LBUTTONUP	130737734	758,330
MOUSEMOVE	130737734	758,330
MOUSEMOVE	130737750	758,329
MOUSEMOVE	130737812	758,328
MOUSEMOVE	130815062	758,327
MOUSEMOVE	130815078	759,325
MOUSEMOVE	130815093	762,324
MOUSEMOVE	130815093	765,321
MOUSEMOVE	130815109	766,320
MOUSEMOVE	130815171	766,321
MOUSEMOVE	130815171	760,330
MOUSEMOVE	130815187	742,353
MOUSEMOVE	130815187	703,403
MOUSEMOVE	130815203	658,462
MOUSEMOVE	130815203	605,538
MOUSEMOVE	130815218	534,625
MOUSEMOVE	130815218	455,713
MOUSEMOVE	130815234	376,808
MOUSEMOVE	130815234	307,862
MOUSEMOVE	130815250	243,856
MOUSEMOVE	130815250	182,851
MOUSEMOVE	130815265	132,847
MOUSEMOVE	130815265	88,845
MOUSEMOVE	130815281	49,831
MOUSEMOVE	130815281	13,834
MOUSEMOVE	130815296	-22,839
MOUSEMOVE	130815296	-32,830
MOUSEMOVE	130815312	-32,831
MOUSEMOVE	130815312	-32,844
MOUSEMOVE	130815328	-30,835
MOUSEMOVE	130815328	-30,831
MOUSEMOVE	130815343	-27,825
MOUSEMOVE	130815343	-27,820
MOUSEMOVE	130815359	-25,815
MOUSEMOVE	130815359	-28,810
MOUSEMOVE	130815375	-28,815
MOUSEMOVE	130815375	-28,815
MOUSEMOVE	130815390	-28,813
MOUSEMOVE	130815390	-24,802
MOUSEMOVE	130815406	-21,797
MOUSEMOVE	130815406	-15,791
MOUSEMOVE	130815421	-11,784
MOUSEMOVE	130815437	-7,777
MOUSEMOVE	130815437	-8,775
MOUSEMOVE	130815453	-6,774
MOUSEMOVE	130815453	-4,770
MOUSEMOVE	130815515	-1,769
MOUSEMOVE	130815562	-1,767
MOUSEMOVE	130815578	-3,767
MOUSEMOVE	130815578	-9,764
MOUSEMOVE	130815593	-11,759
MOUSEMOVE	130815593	-14,752
MOUSEMOVE	130815609	-18,743
MOUSEMOVE	130815609	-21,733
MOUSEMOVE	130815625	-18,723
MOUSEMOVE	130815625	-16,715
MOUSEMOVE	130815640	-15,708
MOUSEMOVE	130815640	-13,701
MOUSEMOVE	130815656	-11,694
MOUSEMOVE	130815656	-11,687
MOUSEMOVE	130815671	-10,682
MOUSEMOVE	130815671	-10,678
MOUSEMOVE	130815687	-7,674
MOUSEMOVE	130815687	-7,671
MOUSEMOVE	130815703	-7,668
MOUSEMOVE	130815703	-6,665
MOUSEMOVE	130815718	-3,664
MOUSEMOVE	130815718	-3,663
MOUSEMOVE	130815765	-1,662
MOUSEMOVE	130815781	-1,662
MOUSEMOVE	130815796	-1,661
MOUSEMOVE	130815796	-1,660
MOUSEMOVE	130815812	-1,660
MOUSEMOVE	130815812	0,659
MOUSEMOVE	130815828	0,658
MOUSEMOVE	130815828	1,658
MOUSEMOVE	130815843	2,658
MOUSEMOVE	130815843	4,658
MOUSEMOVE	130815921	5,658
MOUSEMOVE	130815921	6,661
MOUSEMOVE	130815937	7,665
MOUSEMOVE	130815937	9,668
MOUSEMOVE	130815953	11,670
MOUSEMOVE	130815953	13,672
MOUSEMOVE	130815968	15,673
MOUSEMOVE	130815968	17,674
MOUSEMOVE	130815984	19,675
MOUSEMOVE	130815984	22,675
MOUSEMOVE	130816000	23,676
MOUSEMOVE	130816000	24,676
MOUSEMOVE	130816015	26,676
MOUSEMOVE	130816031	27,677
MOUSEMOVE	130816031	28,678
MOUSEMOVE	130816046	31,681
MOUSEMOVE	130816046	32,684
MOUSEMOVE	130816062	35,687
MOUSEMOVE	130816062	37,689
MOUSEMOVE	130816078	39,692
MOUSEMOVE	130816078	41,694
MOUSEMOVE	130816093	42,695
MOUSEMOVE	130816109	43,697
MOUSEMOVE	130816109	44,699
MOUSEMOVE	130816125	46,702
MOUSEMOVE	130816125	49,706
MOUSEMOVE	130816140	51,710
MOUSEMOVE	130816140	54,715
MOUSEMOVE	130816156	57,720
MOUSEMOVE	130816156	60,723
MOUSEMOVE	130816171	61,725
MOUSEMOVE	130816171	63,726
MOUSEMOVE	130816187	63,727
MOUSEMOVE	130816187	65,728
MOUSEMOVE	130816203	66,729
MOUSEMOVE	130816203	68,729
MOUSEMOVE	130816218	70,730
MOUSEMOVE	130816218	71,732
MOUSEMOVE	130816234	72,732
MOUSEMOVE	130816234	73,733
MOUSEMOVE	130816250	73,735
MOUSEMOVE	130816250	75,737
MOUSEMOVE	130816265	76,739
MOUSEMOVE	130816265	76,741
MOUSEMOVE	130816281	77,742
MOUSEMOVE	130816281	78,743
MOUSEMOVE	130816296	78,745
MOUSEMOVE	130816296	78,746
MOUSEMOVE	130816312	79,747
MOUSEMOVE	130816312	80,749
MOUSEMOVE	130816328	80,750
LBUTTONDOWN	130816421	80,750
LBUTTONUP	130816531	80,750
MOUSEMOVE	130816609	80,750
MOUSEMOVE	130816609	79,748
MOUSEMOVE	130816625	79,747
MOUSEMOVE	130816625	79,746
MOUSEMOVE	130816640	79,745
MOUSEMOVE	130816640	78,744
MOUSEMOVE	130816656	77,742
MOUSEMOVE	130816656	77,740
MOUSEMOVE	130816671	77,739
MOUSEMOVE	130816671	77,736
MOUSEMOVE	130816687	77,734
MOUSEMOVE	130816687	77,731
MOUSEMOVE	130816703	77,728
MOUSEMOVE	130816703	77,725
MOUSEMOVE	130816718	77,721
MOUSEMOVE	130816718	77,714
MOUSEMOVE	130816734	77,707
MOUSEMOVE	130816734	77,701
MOUSEMOVE	130816750	78,692
MOUSEMOVE	130816750	79,683
MOUSEMOVE	130816765	81,672
MOUSEMOVE	130816781	84,661
MOUSEMOVE	130816781	86,649
MOUSEMOVE	130816796	90,636
MOUSEMOVE	130816796	93,622
MOUSEMOVE	130816812	97,607
MOUSEMOVE	130816812	100,591
MOUSEMOVE	130816828	104,572
MOUSEMOVE	130816828	108,554
MOUSEMOVE	130816843	114,529
MOUSEMOVE	130816843	121,503
MOUSEMOVE	130816859	124,479
MOUSEMOVE	130816859	125,457
MOUSEMOVE	130816890	126,440
MOUSEMOVE	130816890	126,413
MOUSEMOVE	130816890	126,403
MOUSEMOVE	130816906	126,393
MOUSEMOVE	130816906	126,385
MOUSEMOVE	130816921	126,378
MOUSEMOVE	130816921	125,373
MOUSEMOVE	130816937	123,367
MOUSEMOVE	130816937	121,361
MOUSEMOVE	130816953	119,355
MOUSEMOVE	130816953	117,350
MOUSEMOVE	130816968	114,344
MOUSEMOVE	130816968	112,339
MOUSEMOVE	130816984	110,335
MOUSEMOVE	130816984	108,331
MOUSEMOVE	130817000	107,329
MOUSEMOVE	130817000	106,328
MOUSEMOVE	130817015	105,326
MOUSEMOVE	130817015	104,324
MOUSEMOVE	130817031	103,323
MOUSEMOVE	130817046	103,321
MOUSEMOVE	130817046	101,320
MOUSEMOVE	130817062	101,319
MOUSEMOVE	130817062	100,317
MOUSEMOVE	130817078	99,317
MOUSEMOVE	130817078	99,315
MOUSEMOVE	130817093	98,315
MOUSEMOVE	130817109	98,314
MOUSEMOVE	130817109	97,313
MOUSEMOVE	130817125	96,312
MOUSEMOVE	130817125	96,310
MOUSEMOVE	130817140	94,308
MOUSEMOVE	130817140	93,305
MOUSEMOVE	130817156	92,301
MOUSEMOVE	130817156	89,295
MOUSEMOVE	130817171	85,289
MOUSEMOVE	130817171	82,283
MOUSEMOVE	130817187	78,276
MOUSEMOVE	130817187	73,268
MOUSEMOVE	130817203	69,262
MOUSEMOVE	130817203	67,258
MOUSEMOVE	130817218	63,254
MOUSEMOVE	130817218	60,249
MOUSEMOVE	130817234	58,246
MOUSEMOVE	130817234	55,244
MOUSEMOVE	130817250	53,241
MOUSEMOVE	130817250	52,240
MOUSEMOVE	130817265	52,238
MOUSEMOVE	130817265	50,236
MOUSEMOVE	130817281	49,234
MOUSEMOVE	130817281	48,232
MOUSEMOVE	130817296	47,230
MOUSEMOVE	130817296	46,229
LBUTTONDOWN	130817484	46,229
LBUTTONUP	130817609	46,229
MOUSEMOVE	130817875	46,229
MOUSEMOVE	130817890	48,230
MOUSEMOVE	130817890	52,232
MOUSEMOVE	130817906	57,235
MOUSEMOVE	130817906	61,236
MOUSEMOVE	130817921	66,238
MOUSEMOVE	130817921	71,239
MOUSEMOVE	130817937	78,241
MOUSEMOVE	130817937	87,242
MOUSEMOVE	130817953	97,244
MOUSEMOVE	130817953	111,247
MOUSEMOVE	130817968	126,249
MOUSEMOVE	130818000	189,250
MOUSEMOVE	130818000	214,250
MOUSEMOVE	130818000	239,250
MOUSEMOVE	130818015	263,250
MOUSEMOVE	130818015	288,250
MOUSEMOVE	130818031	310,250
MOUSEMOVE	130818031	329,250
MOUSEMOVE	130818046	345,250
MOUSEMOVE	130818046	358,250
MOUSEMOVE	130818062	369,250
MOUSEMOVE	130818062	381,250
MOUSEMOVE	130818078	392,250
MOUSEMOVE	130818078	400,250
MOUSEMOVE	130818093	408,250
MOUSEMOVE	130818093	414,250
MOUSEMOVE	130818109	419,250
MOUSEMOVE	130818156	421,251
MOUSEMOVE	130818156	421,252
MOUSEMOVE	130818171	422,253
MOUSEMOVE	130818171	423,255
MOUSEMOVE	130818187	423,257
MOUSEMOVE	130818187	424,259
MOUSEMOVE	130818203	424,261
MOUSEMOVE	130818203	425,263
MOUSEMOVE	130818218	426,265
MOUSEMOVE	130818218	426,267
MOUSEMOVE	130818234	427,269
MOUSEMOVE	130818312	427,270
MOUSEMOVE	130818328	427,272
MOUSEMOVE	130818343	427,273
MOUSEMOVE	130818343	426,276
MOUSEMOVE	130818359	424,278
MOUSEMOVE	130818359	423,280
MOUSEMOVE	130818375	420,283
MOUSEMOVE	130818375	418,287
MOUSEMOVE	130818390	416,291
MOUSEMOVE	130818390	414,295
MOUSEMOVE	130818406	412,298
MOUSEMOVE	130818406	410,301
MOUSEMOVE	130818421	409,304
MOUSEMOVE	130818421	408,306
MOUSEMOVE	130818437	407,308
MOUSEMOVE	130818453	406,310
MOUSEMOVE	130818453	406,313
MOUSEMOVE	130818468	406,317
MOUSEMOVE	130818468	405,323
MOUSEMOVE	130818484	404,330
MOUSEMOVE	130818484	402,338
MOUSEMOVE	130818500	400,348
MOUSEMOVE	130818500	398,357
MOUSEMOVE	130818515	397,367
MOUSEMOVE	130818515	397,375
MOUSEMOVE	130818531	397,383
MOUSEMOVE	130818531	397,388
MOUSEMOVE	130818546	397,394
MOUSEMOVE	130818546	397,398
MOUSEMOVE	130818562	397,401
MOUSEMOVE	130818562	397,402
MOUSEMOVE	130818578	398,403
MOUSEMOVE	130818593	398,403
MOUSEMOVE	130818640	400,403
MOUSEMOVE	130818640	402,403
MOUSEMOVE	130818656	404,403
MOUSEMOVE	130818656	405,403
MOUSEMOVE	130818671	406,403
MOUSEMOVE	130818671	407,403
MOUSEMOVE	130818687	409,403
MOUSEMOVE	130818687	409,403
MOUSEMOVE	130818703	410,403
MOUSEMOVE	130818703	410,402
MOUSEMOVE	130818718	412,401
MOUSEMOVE	130818718	413,401
MOUSEMOVE	130818734	414,399
MOUSEMOVE	130818734	415,398
MOUSEMOVE	130818750	417,398
MOUSEMOVE	130818750	417,398
MOUSEMOVE	130818765	418,398
MOUSEMOVE	130818781	420,397
MOUSEMOVE	130818796	421,397
MOUSEMOVE	130818796	422,396
MOUSEMOVE	130818859	424,396
MOUSEMOVE	130818875	427,396
MOUSEMOVE	130818875	430,395
MOUSEMOVE	130818890	434,394
MOUSEMOVE	130818890	437,394
MOUSEMOVE	130818906	441,393
MOUSEMOVE	130818906	444,393
MOUSEMOVE	130818921	448,393
MOUSEMOVE	130818921	455,392
MOUSEMOVE	130818937	463,392
MOUSEMOVE	130818937	474,392
MOUSEMOVE	130818953	486,392
MOUSEMOVE	130818953	496,392
MOUSEMOVE	130818968	510,392
MOUSEMOVE	130818968	523,392
MOUSEMOVE	130818984	536,392
MOUSEMOVE	130818984	548,392
MOUSEMOVE	130819000	559,392
MOUSEMOVE	130819000	567,392
MOUSEMOVE	130819015	572,392
MOUSEMOVE	130819093	575,392
MOUSEMOVE	130819171	576,392
LBUTTONDOWN	130819187	576,392
LBUTTONUP	130819281	576,392
MOUSEMOVE	130819281	577,392
MOUSEMOVE	130819281	577,392
MOUSEMOVE	130819375	577,392
LBUTTONDOWN	130819390	577,392
LBUTTONUP	130819515	577,392
MOUSEMOVE	130819750	576,392
MOUSEMOVE	130819765	575,392
MOUSEMOVE	130819765	573,390
MOUSEMOVE	130819781	572,388
MOUSEMOVE	130819796	569,385
MOUSEMOVE	130819796	567,380
MOUSEMOVE	130819812	563,374
MOUSEMOVE	130819812	558,367
MOUSEMOVE	130819828	551,358
MOUSEMOVE	130819828	542,346
MOUSEMOVE	130819843	532,335
MOUSEMOVE	130819843	522,324
MOUSEMOVE	130819859	513,314
MOUSEMOVE	130819859	503,305
MOUSEMOVE	130819875	496,299
MOUSEMOVE	130819875	488,293
MOUSEMOVE	130819890	480,287
MOUSEMOVE	130819890	472,282
MOUSEMOVE	130819906	465,277
MOUSEMOVE	130819906	456,273
MOUSEMOVE	130819921	448,269
MOUSEMOVE	130819921	439,265
MOUSEMOVE	130819937	432,262
MOUSEMOVE	130819937	425,260
MOUSEMOVE	130819953	420,258
MOUSEMOVE	130819953	415,257
MOUSEMOVE	130819968	411,256
MOUSEMOVE	130819968	408,256
MOUSEMOVE	130819984	405,256
MOUSEMOVE	130819984	402,256
MOUSEMOVE	130820000	399,256
MOUSEMOVE	130820000	396,256
MOUSEMOVE	130820015	392,256
MOUSEMOVE	130820015	388,256
MOUSEMOVE	130820031	382,256
MOUSEMOVE	130820031	378,256
MOUSEMOVE	130820046	374,256
MOUSEMOVE	130820046	371,256
MOUSEMOVE	130820062	368,256
MOUSEMOVE	130820062	366,256
MOUSEMOVE	130820078	364,256
MOUSEMOVE	130820093	362,256
LBUTTONDOWN	130820250	362,256
LBUTTONUP	130820312	362,256
LBUTTONDOWN	130820531	362,256
LBUTTONUP	130820593	362,256
MOUSEMOVE	130821421	359,256
MOUSEMOVE	130821421	354,254
MOUSEMOVE	130821437	347,251
MOUSEMOVE	130821437	337,247
MOUSEMOVE	130821453	328,243
MOUSEMOVE	130821453	318,239
MOUSEMOVE	130821468	307,235
MOUSEMOVE	130821468	298,230
MOUSEMOVE	130821484	289,225
MOUSEMOVE	130821484	279,219
MOUSEMOVE	130821500	269,214
MOUSEMOVE	130821500	259,208
MOUSEMOVE	130821515	250,203
MOUSEMOVE	130821531	242,198
MOUSEMOVE	130821531	233,192
MOUSEMOVE	130821546	227,188
MOUSEMOVE	130821546	221,183
MOUSEMOVE	130821562	215,179
MOUSEMOVE	130821562	209,174
MOUSEMOVE	130821578	203,169
MOUSEMOVE	130821578	197,164
MOUSEMOVE	130821593	192,160
MOUSEMOVE	130821593	187,156
MOUSEMOVE	130821609	182,152
MOUSEMOVE	130821609	179,150
MOUSEMOVE	130821625	175,147
MOUSEMOVE	130821625	173,145
MOUSEMOVE	130821640	171,143
MOUSEMOVE	130821640	169,141
MOUSEMOVE	130821656	166,139
MOUSEMOVE	130821656	163,136
MOUSEMOVE	130821671	159,134
MOUSEMOVE	130821671	156,131
MOUSEMOVE	130821687	152,128
MOUSEMOVE	130821687	149,126
MOUSEMOVE	130821703	147,124
MOUSEMOVE	130821703	145,122
MOUSEMOVE	130821718	143,121
MOUSEMOVE	130821718	141,119
MOUSEMOVE	130821734	140,118
MOUSEMOVE	130821734	139,117
MOUSEMOVE	130821781	138,116
MOUSEMOVE	130821937	137,115
MOUSEMOVE	130821953	137,114
MOUSEMOVE	130821968	136,113
MOUSEMOVE	130821984	136,113
MOUSEMOVE	130822000	135,111
MOUSEMOVE	130822015	134,111
MOUSEMOVE	130822015	134,110
MOUSEMOVE	130822031	133,109
MOUSEMOVE	130822046	133,108
MOUSEMOVE	130822625	132,107
MOUSEMOVE	130822671	131,107
MOUSEMOVE	130822703	131,106
MOUSEMOVE	130822703	130,105
MOUSEMOVE	130822781	128,105
MOUSEMOVE	130822796	126,105
MOUSEMOVE	130822796	126,106
MOUSEMOVE	130822812	125,107
MOUSEMOVE	130822812	124,110
MOUSEMOVE	130822828	124,113
MOUSEMOVE	130822828	123,116
MOUSEMOVE	130822843	123,119
MOUSEMOVE	130822843	122,122
MOUSEMOVE	130822859	122,124
MOUSEMOVE	130822875	122,126
MOUSEMOVE	130822875	121,128
MOUSEMOVE	130822890	121,129
MOUSEMOVE	130822890	121,131
MOUSEMOVE	130822906	121,133
MOUSEMOVE	130822906	121,136
MOUSEMOVE	130822921	122,138
MOUSEMOVE	130822921	122,140
MOUSEMOVE	130822937	122,141
MOUSEMOVE	130822937	122,143
MOUSEMOVE	130822953	122,144
MOUSEMOVE	130822953	122,145
MOUSEMOVE	130822968	122,147
MOUSEMOVE	130822968	120,149
MOUSEMOVE	130822984	119,150
MOUSEMOVE	130822984	118,151
MOUSEMOVE	130823000	116,152
MOUSEMOVE	130823000	115,152
MOUSEMOVE	130823031	113,152
MOUSEMOVE	130823046	111,152
MOUSEMOVE	130823062	109,152
MOUSEMOVE	130823078	107,152
MOUSEMOVE	130823187	104,152
MOUSEMOVE	130823218	102,152
MOUSEMOVE	130823234	101,152
MOUSEMOVE	130823250	100,152
MOUSEMOVE	130823265	98,152
MOUSEMOVE	130823468	98,152
LBUTTONDOWN	130823484	98,152
LBUTTONUP	130823609	98,152
MOUSEMOVE	130823906	98,152
MOUSEMOVE	130823921	98,153
MOUSEMOVE	130823937	99,153
MOUSEMOVE	130823937	101,154
MOUSEMOVE	130823953	102,155
MOUSEMOVE	130823953	104,155
MOUSEMOVE	130823968	106,156
MOUSEMOVE	130823968	110,157
MOUSEMOVE	130823984	112,158
MOUSEMOVE	130823984	116,160
MOUSEMOVE	130824000	120,161
MOUSEMOVE	130824000	127,162
MOUSEMOVE	130824015	134,164
MOUSEMOVE	130824015	143,166
MOUSEMOVE	130824031	151,168
MOUSEMOVE	130824031	160,170
MOUSEMOVE	130824046	170,171
MOUSEMOVE	130824046	179,173
MOUSEMOVE	130824062	190,176
MOUSEMOVE	130824062	202,179
MOUSEMOVE	130824078	218,182
MOUSEMOVE	130824078	231,186
MOUSEMOVE	130824093	245,188
MOUSEMOVE	130824093	258,190
MOUSEMOVE	130824109	272,195
MOUSEMOVE	130824109	286,200
MOUSEMOVE	130824125	300,203
MOUSEMOVE	130824125	312,206
MOUSEMOVE	130824140	324,210
MOUSEMOVE	130824140	336,214
MOUSEMOVE	130824156	347,219
MOUSEMOVE	130824156	358,223
MOUSEMOVE	130824171	368,226
MOUSEMOVE	130824171	376,229
MOUSEMOVE	130824187	385,232
MOUSEMOVE	130824187	391,235
MOUSEMOVE	130824203	395,238
MOUSEMOVE	130824218	399,239
MOUSEMOVE	130824234	401,240
MOUSEMOVE	130824406	402,240
LBUTTONDOWN	130824421	402,240
LBUTTONUP	130824500	402,240
MOUSEMOVE	130824718	403,240
MOUSEMOVE	130824734	404,243
MOUSEMOVE	130824750	406,245
MOUSEMOVE	130824750	408,249
MOUSEMOVE	130824765	411,254
MOUSEMOVE	130824765	414,257
MOUSEMOVE	130824781	416,262
MOUSEMOVE	130824781	419,268
MOUSEMOVE	130824796	422,274
MOUSEMOVE	130824796	426,280
MOUSEMOVE	130824812	432,287
MOUSEMOVE	130824812	438,293
MOUSEMOVE	130824828	443,299
MOUSEMOVE	130824828	448,307
MOUSEMOVE	130824843	453,313
MOUSEMOVE	130824843	460,320
MOUSEMOVE	130824859	465,326
MOUSEMOVE	130824859	470,333
MOUSEMOVE	130824875	474,339
MOUSEMOVE	130824890	479,344
MOUSEMOVE	130824890	483,348
MOUSEMOVE	130824906	487,353
MOUSEMOVE	130824906	491,357
MOUSEMOVE	130824921	496,362
MOUSEMOVE	130824921	501,366
MOUSEMOVE	130824937	506,371
MOUSEMOVE	130824937	511,374
MOUSEMOVE	130824953	517,378
MOUSEMOVE	130824953	521,381
MOUSEMOVE	130824968	527,385
MOUSEMOVE	130824968	532,388
MOUSEMOVE	130824984	537,392
MOUSEMOVE	130824984	540,394
MOUSEMOVE	130825000	545,396
MOUSEMOVE	130825000	549,399
MOUSEMOVE	130825015	553,401
MOUSEMOVE	130825015	556,403
MOUSEMOVE	130825031	561,405
MOUSEMOVE	130825031	564,407
MOUSEMOVE	130825046	565,408
MOUSEMOVE	130825046	567,408
MOUSEMOVE	130825234	568,408
MOUSEMOVE	130825250	570,408
MOUSEMOVE	130825250	574,408
MOUSEMOVE	130825265	581,407
MOUSEMOVE	130825265	591,405
MOUSEMOVE	130825281	603,404
MOUSEMOVE	130825281	617,403
MOUSEMOVE	130825296	633,403
MOUSEMOVE	130825296	650,403
MOUSEMOVE	130825312	666,403
MOUSEMOVE	130825312	680,403
MOUSEMOVE	130825328	690,403
MOUSEMOVE	130825328	698,403
MOUSEMOVE	130825343	704,403
MOUSEMOVE	130825343	708,403
MOUSEMOVE	130825359	710,403
LBUTTONDOWN	130825671	710,403
MOUSEMOVE	130825765	711,403
LBUTTONUP	130825781	711,403
LBUTTONDOWN	130825937	711,403
LBUTTONUP	130826031	711,403
MOUSEMOVE	130826718	712,402
MOUSEMOVE	130826734	712,402
MOUSEMOVE	130826750	714,401
MOUSEMOVE	130826750	717,400
MOUSEMOVE	130826765	721,399
MOUSEMOVE	130826765	725,397
MOUSEMOVE	130826781	729,395
MOUSEMOVE	130826781	735,393
MOUSEMOVE	130826796	739,392
MOUSEMOVE	130826796	742,391
MOUSEMOVE	130826812	745,390
LBUTTONDOWN	130826937	745,390
LBUTTONUP	130827015	745,390
LBUTTONDOWN	130827125	745,390
LBUTTONUP	130827203	745,390
LBUTTONDOWN	130827218	745,390
LBUTTONUP	130827281	745,390
MOUSEMOVE	130828921	745,390
MOUSEMOVE	130828921	744,390
MOUSEMOVE	130828937	743,390
MOUSEMOVE	130828937	742,390
MOUSEMOVE	130828968	740,390
MOUSEMOVE	130828984	738,390
MOUSEMOVE	130829000	737,390
MOUSEMOVE	130829015	737,391
MOUSEMOVE	130829015	735,391
MOUSEMOVE	130829031	734,391
MOUSEMOVE	130829031	733,391
MOUSEMOVE	130829046	732,391
MOUSEMOVE	130829046	730,391
MOUSEMOVE	130829062	728,391
MOUSEMOVE	130829078	727,391
MOUSEMOVE	130829078	726,391
MOUSEMOVE	130829093	724,391
MOUSEMOVE	130829093	722,391
MOUSEMOVE	130829109	720,392
MOUSEMOVE	130829109	717,393
MOUSEMOVE	130829125	714,393
MOUSEMOVE	130829125	712,394
MOUSEMOVE	130829156	708,394
MOUSEMOVE	130829156	704,394
MOUSEMOVE	130829156	697,395
MOUSEMOVE	130829156	690,396
MOUSEMOVE	130829171	682,397
MOUSEMOVE	130829171	674,397
MOUSEMOVE	130829187	664,397
MOUSEMOVE	130829187	655,397
MOUSEMOVE	130829203	646,397
MOUSEMOVE	130829203	636,397
MOUSEMOVE	130829218	627,397
MOUSEMOVE	130829218	616,397
MOUSEMOVE	130829234	607,397
MOUSEMOVE	130829250	599,397
MOUSEMOVE	130829250	590,397
MOUSEMOVE	130829265	579,397
MOUSEMOVE	130829265	568,397
MOUSEMOVE	130829281	556,397
MOUSEMOVE	130829281	543,397
MOUSEMOVE	130829296	528,394
MOUSEMOVE	130829296	510,390
MOUSEMOVE	130829312	491,386
MOUSEMOVE	130829312	475,383
MOUSEMOVE	130829328	457,379
MOUSEMOVE	130829328	441,375
MOUSEMOVE	130829343	424,370
MOUSEMOVE	130829343	410,366
MOUSEMOVE	130829359	395,363
MOUSEMOVE	130829359	379,359
MOUSEMOVE	130829375	360,355
MOUSEMOVE	130829375	344,352
MOUSEMOVE	130829406	328,348
MOUSEMOVE	130829406	312,344
MOUSEMOVE	130829406	297,342
MOUSEMOVE	130829406	284,341
MOUSEMOVE	130829421	272,341
MOUSEMOVE	130829421	260,341
MOUSEMOVE	130829437	248,341
MOUSEMOVE	130829437	237,341
MOUSEMOVE	130829453	227,341
MOUSEMOVE	130829453	217,341
MOUSEMOVE	130829468	208,341
MOUSEMOVE	130829468	199,341
MOUSEMOVE	130829484	190,341
MOUSEMOVE	130829484	180,341
MOUSEMOVE	130829500	172,341
MOUSEMOVE	130829500	163,341
MOUSEMOVE	130829515	155,341
MOUSEMOVE	130829515	147,341
MOUSEMOVE	130829531	140,341
MOUSEMOVE	130829546	128,342
MOUSEMOVE	130829546	123,343
MOUSEMOVE	130829562	119,343
MOUSEMOVE	130829578	117,344
MOUSEMOVE	130829578	114,345
MOUSEMOVE	130829593	113,345
MOUSEMOVE	130829593	112,345
MOUSEMOVE	130829609	111,346
MOUSEMOVE	130829609	108,346
MOUSEMOVE	130829625	107,346
MOUSEMOVE	130829625	106,347
MOUSEMOVE	130829640	104,348
MOUSEMOVE	130829640	102,348
MOUSEMOVE	130829656	101,350
MOUSEMOVE	130829656	98,351
MOUSEMOVE	130829671	97,353
MOUSEMOVE	130829671	96,354
MOUSEMOVE	130829687	95,355
MOUSEMOVE	130829687	94,357
MOUSEMOVE	130829703	94,358
MOUSEMOVE	130829703	93,360
MOUSEMOVE	130829718	93,361
MOUSEMOVE	130829718	93,363
MOUSEMOVE	130829734	93,364
MOUSEMOVE	130829734	93,366
MOUSEMOVE	130829750	93,369
MOUSEMOVE	130829750	93,371
MOUSEMOVE	130829765	93,373
MOUSEMOVE	130829765	93,374
MOUSEMOVE	130829781	93,375
MOUSEMOVE	130829968	93,377
MOUSEMOVE	130829984	93,380
MOUSEMOVE	130829984	93,381
MOUSEMOVE	130830000	93,382
MOUSEMOVE	130830000	93,384
MOUSEMOVE	130830015	93,386
MOUSEMOVE	130830046	93,388
MOUSEMOVE	130830484	93,388
LBUTTONDOWN	130830500	93,388
LBUTTONUP	130830625	93,388
LBUTTONDOWN	130830750	93,388
LBUTTONUP	130830843	93,388
MOUSEMOVE	130831640	94,389
MOUSEMOVE	130832203	94,389
MOUSEMOVE	130832218	95,389
MOUSEMOVE	130832234	96,389
MOUSEMOVE	130832234	97,389
MOUSEMOVE	130832250	97,388
MOUSEMOVE	130832265	97,386
MOUSEMOVE	130832265	98,385
MOUSEMOVE	130832281	99,384
MOUSEMOVE	130832281	99,384
MOUSEMOVE	130832312	100,383
MOUSEMOVE	130832343	100,382
MOUSEMOVE	130832421	100,381
MOUSEMOVE	130832546	100,381
MOUSEMOVE	130832546	100,380
MOUSEMOVE	130832562	101,378
MOUSEMOVE	130832562	101,376
MOUSEMOVE	130832578	101,374
MOUSEMOVE	130832578	101,372
MOUSEMOVE	130832593	101,370
MOUSEMOVE	130832609	101,367
MOUSEMOVE	130832609	100,364
MOUSEMOVE	130832609	99,360
MOUSEMOVE	130832625	99,358
MOUSEMOVE	130832625	98,356
MOUSEMOVE	130832640	98,355
MOUSEMOVE	130832640	97,353
LBUTTONDOWN	130832796	97,353
LBUTTONUP	130832906	97,353
MOUSEMOVE	130833109	97,353
MOUSEMOVE	130833125	96,352
MOUSEMOVE	130833125	96,351
MOUSEMOVE	130833156	96,350
MOUSEMOVE	130833171	95,349
MOUSEMOVE	130833171	95,348
MOUSEMOVE	130833187	95,347
MOUSEMOVE	130833203	94,346
MOUSEMOVE	130833218	93,346
MOUSEMOVE	130833234	93,344
MOUSEMOVE	130833250	93,342
MOUSEMOVE	130833250	92,342
MOUSEMOVE	130833265	91,340
MOUSEMOVE	130833281	91,338
MOUSEMOVE	130833281	90,337
MOUSEMOVE	130833296	89,336
MOUSEMOVE	130833296	89,334
MOUSEMOVE	130833312	89,334
MOUSEMOVE	130833312	88,332
LBUTTONDOWN	130833515	88,332
LBUTTONUP	130833625	88,332
MOUSEMOVE	130833734	88,332
MOUSEMOVE	130833734	88,333
MOUSEMOVE	130833750	88,333
MOUSEMOVE	130833750	88,335
MOUSEMOVE	130833765	88,336
MOUSEMOVE	130833765	88,338
MOUSEMOVE	130833781	88,339
MOUSEMOVE	130833796	88,341
MOUSEMOVE	130833796	88,343
MOUSEMOVE	130833812	89,346
MOUSEMOVE	130833828	89,348
MOUSEMOVE	130833843	89,350
MOUSEMOVE	130833875	93,364
MOUSEMOVE	130833890	93,378
MOUSEMOVE	130833890	93,382
MOUSEMOVE	130833906	93,386
MOUSEMOVE	130833921	93,394
MOUSEMOVE	130833921	93,400
MOUSEMOVE	130833937	93,404
MOUSEMOVE	130833937	93,409
MOUSEMOVE	130833953	93,415
MOUSEMOVE	130833953	93,420
MOUSEMOVE	130833968	93,425
MOUSEMOVE	130833968	93,430
MOUSEMOVE	130833984	93,434
MOUSEMOVE	130833984	93,439
MOUSEMOVE	130834000	93,443
MOUSEMOVE	130834000	93,447
MOUSEMOVE	130834015	93,452
MOUSEMOVE	130834015	93,455
MOUSEMOVE	130834031	92,457
MOUSEMOVE	130834031	91,459
MOUSEMOVE	130834046	91,461
MOUSEMOVE	130834046	91,463
MOUSEMOVE	130834062	90,465
MOUSEMOVE	130834062	90,467
MOUSEMOVE	130834078	90,469
MOUSEMOVE	130834078	90,470
MOUSEMOVE	130834093	89,471
MOUSEMOVE	130834093	89,472
LBUTTONDOWN	130834359	89,472
LBUTTONUP	130834453	89,472
MOUSEMOVE	130834593	89,472
MOUSEMOVE	130834609	89,476
MOUSEMOVE	130834609	89,478
MOUSEMOVE	130834609	88,479
MOUSEMOVE	130834640	88,482
MOUSEMOVE	130834656	86,488
MOUSEMOVE	130834656	86,490
MOUSEMOVE	130834671	85,492
MOUSEMOVE	130834671	84,494
MOUSEMOVE	130834687	84,496
MOUSEMOVE	130834890	84,496
LBUTTONDOWN	130834906	84,496
LBUTTONUP	130834984	84,496
MOUSEMOVE	130835093	84,496
MOUSEMOVE	130835125	84,495
MOUSEMOVE	130835125	85,493
MOUSEMOVE	130835125	86,492
MOUSEMOVE	130835156	88,490
MOUSEMOVE	130835156	90,487
MOUSEMOVE	130835156	92,486
MOUSEMOVE	130835171	95,482
MOUSEMOVE	130835187	97,480
MOUSEMOVE	130835187	100,477
MOUSEMOVE	130835187	102,474
MOUSEMOVE	130835203	107,471
MOUSEMOVE	130835218	119,459
MOUSEMOVE	130835218	128,453
MOUSEMOVE	130835234	136,446
MOUSEMOVE	130835234	145,441
MOUSEMOVE	130835250	154,435
MOUSEMOVE	130835250	162,431
MOUSEMOVE	130835265	168,428
MOUSEMOVE	130835265	174,425
MOUSEMOVE	130835281	180,423
MOUSEMOVE	130835281	184,421
MOUSEMOVE	130835296	189,419
MOUSEMOVE	130835296	192,416
MOUSEMOVE	130835312	197,413
MOUSEMOVE	130835312	203,410
MOUSEMOVE	130835328	210,405
MOUSEMOVE	130835328	219,399
MOUSEMOVE	130835343	228,391
MOUSEMOVE	130835343	238,383
MOUSEMOVE	130835359	248,377
MOUSEMOVE	130835359	258,370
MOUSEMOVE	130835390	265,364
MOUSEMOVE	130835390	272,360
MOUSEMOVE	130835390	277,355
MOUSEMOVE	130835390	281,351
MOUSEMOVE	130835406	284,348
MOUSEMOVE	130835406	287,344
MOUSEMOVE	130835421	290,340
MOUSEMOVE	130835421	291,336
MOUSEMOVE	130835437	293,331
MOUSEMOVE	130835437	294,327
MOUSEMOVE	130835453	296,322
MOUSEMOVE	130835453	297,317
MOUSEMOVE	130835468	298,312
MOUSEMOVE	130835468	299,308
MOUSEMOVE	130835484	300,304
MOUSEMOVE	130835500	300,301
MOUSEMOVE	130835500	300,299
MOUSEMOVE	130835515	300,298
MOUSEMOVE	130835515	300,297
MOUSEMOVE	130835531	300,295
MOUSEMOVE	130835562	300,293
MOUSEMOVE	130835578	300,291
LBUTTONDOWN	130835687	300,291
LBUTTONUP	130835765	300,291
LBUTTONDOWN	130835921	300,291
LBUTTONUP	130836000	300,291
MOUSEMOVE	130836375	300,291
MOUSEMOVE	130836390	300,289
MOUSEMOVE	130836390	300,289
MOUSEMOVE	130836437	300,288
MOUSEMOVE	130836453	298,288
MOUSEMOVE	130836453	297,288
MOUSEMOVE	130836468	295,288
MOUSEMOVE	130836468	291,288
MOUSEMOVE	130836484	285,288
MOUSEMOVE	130836500	277,288
MOUSEMOVE	130836500	269,288
MOUSEMOVE	130836515	260,288
MOUSEMOVE	130836515	251,288
MOUSEMOVE	130836531	241,288
MOUSEMOVE	130836531	231,288
MOUSEMOVE	130836546	220,288
MOUSEMOVE	130836546	210,288
MOUSEMOVE	130836562	200,288
MOUSEMOVE	130836562	191,288
MOUSEMOVE	130836578	184,289
MOUSEMOVE	130836578	178,291
MOUSEMOVE	130836593	175,293
MOUSEMOVE	130836609	172,295
MOUSEMOVE	130836609	169,297
MOUSEMOVE	130836609	168,300
MOUSEMOVE	130836625	166,303
MOUSEMOVE	130836625	165,307
MOUSEMOVE	130836640	164,311
MOUSEMOVE	130836640	163,316
MOUSEMOVE	130836656	163,322
MOUSEMOVE	130836656	162,329
MOUSEMOVE	130836671	162,337
MOUSEMOVE	130836671	162,346
MOUSEMOVE	130836687	162,355
MOUSEMOVE	130836687	162,365
MOUSEMOVE	130836703	162,374
MOUSEMOVE	130836703	162,383
MOUSEMOVE	130836718	162,393
MOUSEMOVE	130836718	163,401
MOUSEMOVE	130836734	166,409
MOUSEMOVE	130836734	168,416
MOUSEMOVE	130836750	170,422
MOUSEMOVE	130836750	173,428
MOUSEMOVE	130836765	176,434
MOUSEMOVE	130836765	179,439
MOUSEMOVE	130836781	183,444
MOUSEMOVE	130836781	189,449
MOUSEMOVE	130836796	195,453
MOUSEMOVE	130836796	202,456
MOUSEMOVE	130836812	212,459
MOUSEMOVE	130836812	221,460
MOUSEMOVE	130836828	233,461
MOUSEMOVE	130836843	245,461
MOUSEMOVE	130836843	260,461
MOUSEMOVE	130836859	274,461
MOUSEMOVE	130836859	291,460
MOUSEMOVE	130836875	315,455
MOUSEMOVE	130836875	342,449
MOUSEMOVE	130836890	372,441
MOUSEMOVE	130836890	407,432
MOUSEMOVE	130836906	442,421
MOUSEMOVE	130836906	478,409
MOUSEMOVE	130836921	511,395
MOUSEMOVE	130836921	540,379
MOUSEMOVE	130836937	571,365
MOUSEMOVE	130836937	598,352
MOUSEMOVE	130836953	618,344
MOUSEMOVE	130836953	633,338
MOUSEMOVE	130836968	644,333
MOUSEMOVE	130836968	652,329
MOUSEMOVE	130836984	658,326
MOUSEMOVE	130836984	661,323
MOUSEMOVE	130837000	665,322
MOUSEMOVE	130837000	667,320
MOUSEMOVE	130837015	668,318
MOUSEMOVE	130837015	670,316
MOUSEMOVE	130837031	672,313
MOUSEMOVE	130837031	673,309
MOUSEMOVE	130837046	675,306
MOUSEMOVE	130837046	677,303
MOUSEMOVE	130837062	678,299
MOUSEMOVE	130837062	680,297
MOUSEMOVE	130837078	680,294
MOUSEMOVE	130837078	681,292
MOUSEMOVE	130837093	681,289
MOUSEMOVE	130837093	681,288
MOUSEMOVE	130837109	681,285
MOUSEMOVE	130837109	681,283
MOUSEMOVE	130837125	681,280
MOUSEMOVE	130837125	681,277
MOUSEMOVE	130837140	680,275
MOUSEMOVE	130837140	677,271
MOUSEMOVE	130837156	674,266
MOUSEMOVE	130837156	673,263
MOUSEMOVE	130837171	670,259
MOUSEMOVE	130837187	669,257
MOUSEMOVE	130837187	668,255
MOUSEMOVE	130837515	667,254
LBUTTONDOWN	130837531	667,254
LBUTTONUP	130837609	667,254
MOUSEMOVE	130837734	668,254
MOUSEMOVE	130837750	672,254
MOUSEMOVE	130837750	679,253
MOUSEMOVE	130837765	688,253
MOUSEMOVE	130837765	700,253
MOUSEMOVE	130837781	716,253
MOUSEMOVE	130837781	741,253
MOUSEMOVE	130837796	770,253
MOUSEMOVE	130837796	800,253
MOUSEMOVE	130837812	838,253
MOUSEMOVE	130837812	882,253
MOUSEMOVE	130837828	930,253
MOUSEMOVE	130837843	977,253
MOUSEMOVE	130837843	1017,253
MOUSEMOVE	130837859	1055,253
MOUSEMOVE	130837859	1085,253
MOUSEMOVE	130837875	1107,253
MOUSEMOVE	130837875	1124,253
MOUSEMOVE	130837890	1135,253
MOUSEMOVE	130837890	1143,253
MOUSEMOVE	130837906	1148,253
MOUSEMOVE	130837953	1150,253
MOUSEMOVE	130837953	1152,253
MOUSEMOVE	130837968	1155,253
MOUSEMOVE	130837968	1160,252
MOUSEMOVE	130837984	1166,251
MOUSEMOVE	130837984	1171,250
MOUSEMOVE	130838000	1177,249
MOUSEMOVE	130838000	1184,248
MOUSEMOVE	130838015	1193,248
MOUSEMOVE	130838015	1206,248
MOUSEMOVE	130838031	1221,248
MOUSEMOVE	130838031	1239,248
MOUSEMOVE	130838046	1255,248
MOUSEMOVE	130838046	1269,248
MOUSEMOVE	130838062	1279,248
MOUSEMOVE	130838062	1285,248
MOUSEMOVE	130838218	1287,248
MOUSEMOVE	130838234	1287,247
MOUSEMOVE	130838250	1287,247
MOUSEMOVE	130838250	1284,247
MOUSEMOVE	130838265	1281,246
MOUSEMOVE	130838265	1276,246
MOUSEMOVE	130838281	1272,245
MOUSEMOVE	130838281	1265,244
MOUSEMOVE	130838296	1260,243
MOUSEMOVE	130838296	1255,242
MOUSEMOVE	130838312	1249,242
MOUSEMOVE	130838312	1243,242
MOUSEMOVE	130838328	1236,242
MOUSEMOVE	130838328	1231,242
MOUSEMOVE	130838343	1223,242
MOUSEMOVE	130838343	1216,242
MOUSEMOVE	130838359	1211,242
MOUSEMOVE	130838359	1205,242
MOUSEMOVE	130838375	1202,242
MOUSEMOVE	130838468	1201,242
LBUTTONDOWN	130838484	1201,242
LBUTTONUP	130838578	1201,242
MOUSEMOVE	130838671	1200,242
LBUTTONDOWN	130838687	1200,242
LBUTTONUP	130838812	1200,242
MOUSEMOVE	130840015	1200,242
MOUSEMOVE	130840312	1198,242
MOUSEMOVE	130840312	1197,242
MOUSEMOVE	130840328	1195,242
MOUSEMOVE	130840343	1192,242
MOUSEMOVE	130840343	1190,242
MOUSEMOVE	130840359	1188,242
MOUSEMOVE	130840359	1186,241
MOUSEMOVE	130840375	1184,241
MOUSEMOVE	130840375	1182,240
MOUSEMOVE	130840390	1179,240
MOUSEMOVE	130840390	1177,239
MOUSEMOVE	130840406	1176,239
MOUSEMOVE	130840406	1174,239
MOUSEMOVE	130840421	1172,238
MOUSEMOVE	130840421	1169,238
MOUSEMOVE	130840437	1166,237
MOUSEMOVE	130840437	1163,236
MOUSEMOVE	130840453	1160,235
MOUSEMOVE	130840453	1157,234
MOUSEMOVE	130840468	1152,232
MOUSEMOVE	130840468	1147,230
MOUSEMOVE	130840484	1141,227
MOUSEMOVE	130840484	1134,224
MOUSEMOVE	130840500	1125,221
MOUSEMOVE	130840500	1117,218
MOUSEMOVE	130840515	1108,214
MOUSEMOVE	130840515	1100,209
MOUSEMOVE	130840546	1091,205
MOUSEMOVE	130840546	1083,200
MOUSEMOVE	130840562	1073,194
MOUSEMOVE	130840562	1063,189
MOUSEMOVE	130840562	1054,182
MOUSEMOVE	130840562	1046,176
MOUSEMOVE	130840578	1037,169
MOUSEMOVE	130840578	1031,163
MOUSEMOVE	130840593	1026,157
MOUSEMOVE	130840593	1022,151
MOUSEMOVE	130840609	1019,144
MOUSEMOVE	130840609	1017,137
MOUSEMOVE	130840625	1015,131
MOUSEMOVE	130840625	1014,124
MOUSEMOVE	130840640	1014,117
MOUSEMOVE	130840640	1014,111
MOUSEMOVE	130840656	1014,102
MOUSEMOVE	130840671	1016,95
MOUSEMOVE	130840671	1018,90
MOUSEMOVE	130840687	1019,85
MOUSEMOVE	130840687	1021,79
MOUSEMOVE	130840703	1023,75
MOUSEMOVE	130840703	1025,70
MOUSEMOVE	130840703	1028,67
MOUSEMOVE	130840718	1029,64
MOUSEMOVE	130840718	1031,61
MOUSEMOVE	130840734	1031,58
MOUSEMOVE	130840750	1033,57
MOUSEMOVE	130840750	1035,55
MOUSEMOVE	130840765	1037,52
MOUSEMOVE	130840765	1038,51
MOUSEMOVE	130840781	1040,49
MOUSEMOVE	130840781	1040,48
MOUSEMOVE	130840796	1042,47
MOUSEMOVE	130840796	1042,47
MOUSEMOVE	130840812	1043,46
MOUSEMOVE	130840812	1044,46
MOUSEMOVE	130840828	1045,44
MOUSEMOVE	130840828	1047,44
MOUSEMOVE	130840843	1049,42
MOUSEMOVE	130840843	1051,41
MOUSEMOVE	130840859	1053,38
MOUSEMOVE	130840859	1056,36
MOUSEMOVE	130840875	1058,34
MOUSEMOVE	130840875	1060,32
MOUSEMOVE	130840890	1061,31
MOUSEMOVE	130840890	1062,30
MOUSEMOVE	130840906	1063,29
MOUSEMOVE	130840906	1063,28
MOUSEMOVE	130840921	1065,27
MOUSEMOVE	130840921	1065,25
MOUSEMOVE	130840937	1067,23
MOUSEMOVE	130840953	1069,19
MOUSEMOVE	130840953	1072,17
MOUSEMOVE	130840953	1074,14
MOUSEMOVE	130840968	1077,11
MOUSEMOVE	130840968	1078,9
MOUSEMOVE	130840984	1080,7
MOUSEMOVE	130841000	1082,5
MOUSEMOVE	130841000	1083,3
LBUTTONDOWN	130841250	1083,3
LBUTTONUP	130841343	1083,3
MOUSEMOVE	130841531	1082,3
MOUSEMOVE	130841531	1082,3
MOUSEMOVE	130841546	1081,4
MOUSEMOVE	130841546	1080,4
MOUSEMOVE	130841562	1079,5
MOUSEMOVE	130841578	1079,7
MOUSEMOVE	130841593	1078,8
MOUSEMOVE	130841609	1077,9
MOUSEMOVE	130841609	1077,11
MOUSEMOVE	130841625	1076,12
MOUSEMOVE	130841625	1074,14
MOUSEMOVE	130841640	1074,16
MOUSEMOVE	130841687	1072,17
MOUSEMOVE	130841703	1069,18
MOUSEMOVE	130841703	1067,20
MOUSEMOVE	130841718	1062,24
MOUSEMOVE	130841718	1056,30
MOUSEMOVE	130841734	1046,39
MOUSEMOVE	130841734	1033,49
MOUSEMOVE	130841750	1016,61
MOUSEMOVE	130841750	989,76
MOUSEMOVE	130841765	963,91
MOUSEMOVE	130841765	932,103
MOUSEMOVE	130841781	897,114
MOUSEMOVE	130841781	864,122
MOUSEMOVE	130841796	829,133
MOUSEMOVE	130841796	794,142
MOUSEMOVE	130841812	761,150
MOUSEMOVE	130841812	729,159
MOUSEMOVE	130841828	702,165
MOUSEMOVE	130841828	672,173
MOUSEMOVE	130841843	646,180
MOUSEMOVE	130841843	616,188
MOUSEMOVE	130841859	586,194
MOUSEMOVE	130841859	560,201
MOUSEMOVE	130841875	533,207
MOUSEMOVE	130841875	506,213
MOUSEMOVE	130841890	482,219
MOUSEMOVE	130841890	458,225
MOUSEMOVE	130841906	436,231
MOUSEMOVE	130841921	417,235
MOUSEMOVE	130841921	401,239
MOUSEMOVE	130841937	385,243
MOUSEMOVE	130841937	372,246
MOUSEMOVE	130841953	359,248
MOUSEMOVE	130841953	348,251
MOUSEMOVE	130841968	337,254
MOUSEMOVE	130841968	326,256
MOUSEMOVE	130841984	318,258
MOUSEMOVE	130841984	311,260
MOUSEMOVE	130842000	305,263
MOUSEMOVE	130842000	301,264
MOUSEMOVE	130842015	298,266
MOUSEMOVE	130842015	295,267
MOUSEMOVE	130842031	293,268
MOUSEMOVE	130842031	291,269
MOUSEMOVE	130842046	289,270
MOUSEMOVE	130842046	288,271
MOUSEMOVE	130842062	287,271
MOUSEMOVE	130842062	286,271
MOUSEMOVE	130842078	286,272
MOUSEMOVE	130842078	284,272
MOUSEMOVE	130842093	283,272
MOUSEMOVE	130842109	282,273
MOUSEMOVE	130842109	280,274
MOUSEMOVE	130842125	280,274
MOUSEMOVE	130842125	278,275
MOUSEMOVE	130842140	275,276
MOUSEMOVE	130842140	272,277
MOUSEMOVE	130842156	269,279
MOUSEMOVE	130842156	266,280
MOUSEMOVE	130842171	261,281
MOUSEMOVE	130842171	258,282
MOUSEMOVE	130842187	254,284
MOUSEMOVE	130842187	250,286
MOUSEMOVE	130842203	246,288
MOUSEMOVE	130842203	243,289
MOUSEMOVE	130842218	240,290
MOUSEMOVE	130842218	237,291
MOUSEMOVE	130842234	234,292
MOUSEMOVE	130842234	230,294
MOUSEMOVE	130842250	225,296
MOUSEMOVE	130842265	221,298
MOUSEMOVE	130842265	216,299
MOUSEMOVE	130842281	212,301
MOUSEMOVE	130842281	207,303
MOUSEMOVE	130842296	203,304
MOUSEMOVE	130842296	198,305
MOUSEMOVE	130842312	194,306
MOUSEMOVE	130842312	190,306
MOUSEMOVE	130842328	186,306
MOUSEMOVE	130842328	182,306
MOUSEMOVE	130842343	179,306
MOUSEMOVE	130842343	175,306
MOUSEMOVE	130842359	172,306
MOUSEMOVE	130842359	167,305
MOUSEMOVE	130842375	163,303
MOUSEMOVE	130842375	158,302
MOUSEMOVE	130842406	154,301
MOUSEMOVE	130842406	151,299
MOUSEMOVE	130842406	146,296
MOUSEMOVE	130842406	142,294
MOUSEMOVE	130842421	138,291
MOUSEMOVE	130842453	126,281
MOUSEMOVE	130842468	125,279
MOUSEMOVE	130842468	122,277
MOUSEMOVE	130842484	120,275
MOUSEMOVE	130842484	118,272
MOUSEMOVE	130842500	115,270
MOUSEMOVE	130842500	113,267
MOUSEMOVE	130842515	110,263
MOUSEMOVE	130842515	107,258
MOUSEMOVE	130842531	105,255
MOUSEMOVE	130842531	102,249
MOUSEMOVE	130842546	99,244
MOUSEMOVE	130842546	96,241
MOUSEMOVE	130842562	95,240
MOUSEMOVE	130842562	94,238
MOUSEMOVE	130842593	94,237
MOUSEMOVE	130842609	93,236
LBUTTONDOWN	130842843	93,236
LBUTTONUP	130842953	93,236
MOUSEMOVE	130843531	93,236
MOUSEMOVE	130843562	94,236
MOUSEMOVE	130843562	95,237
MOUSEMOVE	130843578	95,238
MOUSEMOVE	130843593	97,239
MOUSEMOVE	130843609	98,240
MOUSEMOVE	130843625	99,242
MOUSEMOVE	130843625	101,244
MOUSEMOVE	130843640	101,245
MOUSEMOVE	130843640	103,247
MOUSEMOVE	130843656	103,249
MOUSEMOVE	130843656	105,251
MOUSEMOVE	130843671	106,253
MOUSEMOVE	130843671	107,256
MOUSEMOVE	130843687	109,259
MOUSEMOVE	130843687	111,262
MOUSEMOVE	130843703	114,265
MOUSEMOVE	130843703	116,269
MOUSEMOVE	130843718	120,274
MOUSEMOVE	130843718	124,277
MOUSEMOVE	130843734	126,281
MOUSEMOVE	130843734	131,286
MOUSEMOVE	130843750	135,289
MOUSEMOVE	130843750	139,293
MOUSEMOVE	130843765	142,297
MOUSEMOVE	130843765	146,300
MOUSEMOVE	130843781	150,303
MOUSEMOVE	130843796	165,316
MOUSEMOVE	130843812	171,320
MOUSEMOVE	130843812	177,325
MOUSEMOVE	130843828	184,329
MOUSEMOVE	130843828	190,333
MOUSEMOVE	130843843	198,338
MOUSEMOVE	130843843	205,343
MOUSEMOVE	130843859	213,350
MOUSEMOVE	130843859	221,356
MOUSEMOVE	130843875	229,364
MOUSEMOVE	130843875	237,370
MOUSEMOVE	130843890	246,378
MOUSEMOVE	130843890	255,384
MOUSEMOVE	130843906	264,393
MOUSEMOVE	130843906	272,402
MOUSEMOVE	130843921	281,410
MOUSEMOVE	130843921	290,418
MOUSEMOVE	130843937	298,427
MOUSEMOVE	130843953	307,437
MOUSEMOVE	130843953	314,447
MOUSEMOVE	130843968	323,457
MOUSEMOVE	130843968	331,467
MOUSEMOVE	130843984	339,477
MOUSEMOVE	130843984	347,487
MOUSEMOVE	130844000	354,497
MOUSEMOVE	130844000	362,507
MOUSEMOVE	130844015	369,516
MOUSEMOVE	130844015	375,522
MOUSEMOVE	130844031	381,528
MOUSEMOVE	130844031	386,533
MOUSEMOVE	130844046	391,537
MOUSEMOVE	130844046	394,539
MOUSEMOVE	130844062	397,540
MOUSEMOVE	130844062	401,542
MOUSEMOVE	130844078	404,543
MOUSEMOVE	130844078	408,543
MOUSEMOVE	130844093	413,543
MOUSEMOVE	130844093	420,543
MOUSEMOVE	130844109	428,543
MOUSEMOVE	130844109	438,542
MOUSEMOVE	130844125	449,540
MOUSEMOVE	130844125	461,536
MOUSEMOVE	130844140	475,532
MOUSEMOVE	130844140	489,527
MOUSEMOVE	130844156	504,521
MOUSEMOVE	130844156	516,515
MOUSEMOVE	130844171	529,508
MOUSEMOVE	130844171	540,502
MOUSEMOVE	130844187	550,495
MOUSEMOVE	130844187	558,487
MOUSEMOVE	130844203	566,480
MOUSEMOVE	130844203	572,471
MOUSEMOVE	130844218	577,463
MOUSEMOVE	130844218	581,455
MOUSEMOVE	130844234	584,448
MOUSEMOVE	130844234	587,444
MOUSEMOVE	130844250	588,440
MOUSEMOVE	130844250	589,439
MOUSEMOVE	130844281	590,437
MOUSEMOVE	130844296	590,435
MOUSEMOVE	130844296	590,434
MOUSEMOVE	130844312	590,434
MOUSEMOVE	130844312	591,432
MOUSEMOVE	130844328	592,431
MOUSEMOVE	130844328	592,430
MOUSEMOVE	130844343	595,428
MOUSEMOVE	130844343	597,427
MOUSEMOVE	130844359	598,426
MOUSEMOVE	130844484	599,425
LBUTTONDOWN	130844500	599,425
LBUTTONUP	130844578	599,425
LBUTTONDOWN	130844687	599,425
LBUTTONUP	130844781	599,425
MOUSEMOVE	130845046	599,425
MOUSEMOVE	130845046	598,425
MOUSEMOVE	130845062	597,425
MOUSEMOVE	130845062	594,425
MOUSEMOVE	130845078	590,424
MOUSEMOVE	130845078	584,421
MOUSEMOVE	130845093	576,415
MOUSEMOVE	130845093	566,410
MOUSEMOVE	130845109	555,403
MOUSEMOVE	130845109	542,396
MOUSEMOVE	130845125	528,384
MOUSEMOVE	130845125	511,372
MOUSEMOVE	130845140	489,356
MOUSEMOVE	130845156	467,340
MOUSEMOVE	130845156	442,322
MOUSEMOVE	130845156	417,304
MOUSEMOVE	130845171	392,284
MOUSEMOVE	130845171	367,265
MOUSEMOVE	130845187	344,248
MOUSEMOVE	130845187	322,232
MOUSEMOVE	130845203	308,220
MOUSEMOVE	130845203	288,205
MOUSEMOVE	130845218	271,192
MOUSEMOVE	130845218	257,180
MOUSEMOVE	130845234	245,172
MOUSEMOVE	130845234	234,166
MOUSEMOVE	130845250	224,159
MOUSEMOVE	130845250	214,154
MOUSEMOVE	130845265	205,148
MOUSEMOVE	130845265	195,143
MOUSEMOVE	130845281	185,137
MOUSEMOVE	130845296	175,133
MOUSEMOVE	130845296	165,129
MOUSEMOVE	130845312	156,125
MOUSEMOVE	130845312	147,122
MOUSEMOVE	130845328	139,119
MOUSEMOVE	130845328	132,117
MOUSEMOVE	130845343	125,115
MOUSEMOVE	130845343	119,114
MOUSEMOVE	130845359	114,113
MOUSEMOVE	130845359	109,112
MOUSEMOVE	130845375	105,111
MOUSEMOVE	130845375	102,111
MOUSEMOVE	130845390	101,111
MOUSEMOVE	130845406	99,111
MOUSEMOVE	130845406	98,111
MOUSEMOVE	130845421	97,111
MOUSEMOVE	130845421	97,112
MOUSEMOVE	130845437	97,115
MOUSEMOVE	130845437	97,118
MOUSEMOVE	130845453	97,120
MOUSEMOVE	130845453	97,122
MOUSEMOVE	130845468	97,124
MOUSEMOVE	130845468	97,126
MOUSEMOVE	130845484	97,129
MOUSEMOVE	130845484	96,131
MOUSEMOVE	130845500	95,134
MOUSEMOVE	130845500	95,137
MOUSEMOVE	130845515	95,139
MOUSEMOVE	130845515	94,141
MOUSEMOVE	130845531	94,143
MOUSEMOVE	130845531	94,144
MOUSEMOVE	130845546	94,147
MOUSEMOVE	130845546	94,148
MOUSEMOVE	130845562	94,149
MOUSEMOVE	130845578	94,151
MOUSEMOVE	130845578	94,152
MOUSEMOVE	130845593	95,153
MOUSEMOVE	130845718	95,154
MOUSEMOVE	130845781	95,155
MOUSEMOVE	130845796	95,156
MOUSEMOVE	130845796	94,156
MOUSEMOVE	130845812	94,157
MOUSEMOVE	130845828	93,157
LBUTTONDOWN	130845921	93,157
LBUTTONUP	130846031	93,157
MOUSEMOVE	130846140	93,158
MOUSEMOVE	130846156	95,159
MOUSEMOVE	130846156	97,159
MOUSEMOVE	130846171	101,160
MOUSEMOVE	130846171	105,161
MOUSEMOVE	130846187	111,162
MOUSEMOVE	130846187	119,164
MOUSEMOVE	130846203	131,166
MOUSEMOVE	130846203	145,170
MOUSEMOVE	130846218	165,175
MOUSEMOVE	130846218	191,181
MOUSEMOVE	130846234	224,190
MOUSEMOVE	130846234	258,197
MOUSEMOVE	130846250	298,206
MOUSEMOVE	130846250	344,219
MOUSEMOVE	130846265	395,231
MOUSEMOVE	130846265	443,240
MOUSEMOVE	130846281	496,248
MOUSEMOVE	130846296	546,254
MOUSEMOVE	130846296	596,260
MOUSEMOVE	130846312	649,270
MOUSEMOVE	130846312	700,281
MOUSEMOVE	130846328	751,295
MOUSEMOVE	130846328	802,307
MOUSEMOVE	130846343	853,319
MOUSEMOVE	130846343	896,330
MOUSEMOVE	130846359	937,339
MOUSEMOVE	130846359	969,348
MOUSEMOVE	130846375	993,354
MOUSEMOVE	130846375	1010,359
MOUSEMOVE	130846390	1022,361
MOUSEMOVE	130846406	1030,363
MOUSEMOVE	130846406	1036,364
MOUSEMOVE	130846406	1038,365
MOUSEMOVE	130846453	1039,365
MOUSEMOVE	130846468	1041,365
MOUSEMOVE	130846484	1041,366
MOUSEMOVE	130846500	1042,367
MOUSEMOVE	130846531	1045,375
MOUSEMOVE	130846531	1046,378
MOUSEMOVE	130846546	1047,381
MOUSEMOVE	130846546	1048,384
MOUSEMOVE	130846562	1049,389
MOUSEMOVE	130846562	1049,392
MOUSEMOVE	130846578	1049,396
MOUSEMOVE	130846578	1049,399
MOUSEMOVE	130846593	1049,401
MOUSEMOVE	130846593	1049,402
MOUSEMOVE	130846625	1050,404
MOUSEMOVE	130846703	1050,405
MOUSEMOVE	130846718	1049,406
MOUSEMOVE	130846718	1047,407
MOUSEMOVE	130846734	1042,409
MOUSEMOVE	130846734	1038,410
MOUSEMOVE	130846750	1034,411
MOUSEMOVE	130846750	1028,412
MOUSEMOVE	130846765	1021,412
MOUSEMOVE	130846765	1013,412
MOUSEMOVE	130846781	1005,412
MOUSEMOVE	130846781	997,412
MOUSEMOVE	130846796	992,412
MOUSEMOVE	130846796	989,412
MOUSEMOVE	130846812	987,412
MOUSEMOVE	130846921	985,412
LBUTTONDOWN	130846937	985,412
LBUTTONUP	130847031	985,412
LBUTTONDOWN	130847140	985,412
LBUTTONUP	130847250	985,412
MOUSEMOVE	130847375	985,412
MOUSEMOVE	130847375	983,413
MOUSEMOVE	130847390	982,414
MOUSEMOVE	130847390	980,414
MOUSEMOVE	130847406	976,415
MOUSEMOVE	130847406	970,416
MOUSEMOVE	130847421	962,418
MOUSEMOVE	130847421	951,420
MOUSEMOVE	130847437	939,423
MOUSEMOVE	130847437	925,426
MOUSEMOVE	130847453	910,430
MOUSEMOVE	130847453	894,433
MOUSEMOVE	130847468	875,439
MOUSEMOVE	130847468	856,443
MOUSEMOVE	130847484	835,448
MOUSEMOVE	130847484	814,453
MOUSEMOVE	130847500	792,458
MOUSEMOVE	130847500	770,464
MOUSEMOVE	130847515	751,470
MOUSEMOVE	130847515	730,474
MOUSEMOVE	130847531	708,480
MOUSEMOVE	130847531	687,485
MOUSEMOVE	130847546	666,488
MOUSEMOVE	130847546	643,491
MOUSEMOVE	130847562	622,495
MOUSEMOVE	130847562	601,498
MOUSEMOVE	130847578	582,499
MOUSEMOVE	130847578	562,499
MOUSEMOVE	130847593	543,499
MOUSEMOVE	130847593	524,499
MOUSEMOVE	130847609	505,499
MOUSEMOVE	130847609	486,499
MOUSEMOVE	130847625	466,499
MOUSEMOVE	130847640	447,499
MOUSEMOVE	130847656	431,499
MOUSEMOVE	130847656	414,499
MOUSEMOVE	130847656	399,498
MOUSEMOVE	130847671	384,496
MOUSEMOVE	130847671	368,492
MOUSEMOVE	130847687	354,489
MOUSEMOVE	130847687	341,485
MOUSEMOVE	130847703	328,483
MOUSEMOVE	130847703	319,481
MOUSEMOVE	130847718	311,479
MOUSEMOVE	130847718	302,477
MOUSEMOVE	130847734	295,475
MOUSEMOVE	130847734	290,474
MOUSEMOVE	130847750	287,473
MOUSEMOVE	130847750	284,472
MOUSEMOVE	130847765	282,472
MOUSEMOVE	130847781	281,470
MOUSEMOVE	130847781	279,469
MOUSEMOVE	130847796	278,469
MOUSEMOVE	130847796	277,468
MOUSEMOVE	130847812	276,468
MOUSEMOVE	130847812	274,466
MOUSEMOVE	130847828	271,465
MOUSEMOVE	130847828	268,465
MOUSEMOVE	130847843	263,464
MOUSEMOVE	130847843	259,463
MOUSEMOVE	130847859	255,462
MOUSEMOVE	130847906	211,459
MOUSEMOVE	130847921	200,459
MOUSEMOVE	130847921	188,459
MOUSEMOVE	130847937	177,459
MOUSEMOVE	130847937	163,459
MOUSEMOVE	130847953	153,459
MOUSEMOVE	130847968	142,459
MOUSEMOVE	130847968	133,459
MOUSEMOVE	130847984	125,459
MOUSEMOVE	130847984	118,460
MOUSEMOVE	130848000	113,462
MOUSEMOVE	130848000	110,464
MOUSEMOVE	130848015	105,465
MOUSEMOVE	130848015	103,466
MOUSEMOVE	130848031	102,468
MOUSEMOVE	130848031	102,468
MOUSEMOVE	130848046	102,469
MOUSEMOVE	130848046	102,471
MOUSEMOVE	130848062	102,472
MOUSEMOVE	130848062	101,473
MOUSEMOVE	130848078	101,475
MOUSEMOVE	130848078	100,475
MOUSEMOVE	130848093	99,476
MOUSEMOVE	130848109	99,477
MOUSEMOVE	130848171	98,478
MOUSEMOVE	130848203	98,479
LBUTTONDOWN	130848390	98,479
LBUTTONUP	130848515	98,479
MOUSEMOVE	130848750	98,479
MOUSEMOVE	130848781	98,476
MOUSEMOVE	130848796	98,476
MOUSEMOVE	130848796	99,475
MOUSEMOVE	130848812	100,474
MOUSEMOVE	130848828	100,472
MOUSEMOVE	130848828	100,471
MOUSEMOVE	130848843	101,470
MOUSEMOVE	130848859	101,470
MOUSEMOVE	130848875	101,468
MOUSEMOVE	130848890	102,467
MOUSEMOVE	130848906	103,466
MOUSEMOVE	130848906	104,464
MOUSEMOVE	130848921	105,464
MOUSEMOVE	130848921	105,462
MOUSEMOVE	130848937	106,461
MOUSEMOVE	130848937	107,459
MOUSEMOVE	130848953	108,457
MOUSEMOVE	130848968	109,454
MOUSEMOVE	130848968	110,453
MOUSEMOVE	130848984	111,451
MOUSEMOVE	130848984	112,449
MOUSEMOVE	130849000	113,446
MOUSEMOVE	130849000	115,444
MOUSEMOVE	130849015	117,441
MOUSEMOVE	130849015	121,437
MOUSEMOVE	130849031	125,432
MOUSEMOVE	130849031	130,427
MOUSEMOVE	130849046	136,422
MOUSEMOVE	130849046	143,416
MOUSEMOVE	130849062	151,409
MOUSEMOVE	130849062	158,403
MOUSEMOVE	130849078	167,397
MOUSEMOVE	130849078	174,390
MOUSEMOVE	130849093	183,383
MOUSEMOVE	130849093	191,375
MOUSEMOVE	130849109	196,369
MOUSEMOVE	130849109	201,363
MOUSEMOVE	130849125	206,357
MOUSEMOVE	130849125	211,351
MOUSEMOVE	130849140	215,343
MOUSEMOVE	130849140	219,336
MOUSEMOVE	130849171	223,329
MOUSEMOVE	130849171	227,323
MOUSEMOVE	130849171	229,316
MOUSEMOVE	130849171	232,310
MOUSEMOVE	130849187	235,304
MOUSEMOVE	130849187	237,298
MOUSEMOVE	130849203	240,294
MOUSEMOVE	130849203	243,288
MOUSEMOVE	130849218	246,284
MOUSEMOVE	130849218	248,281
MOUSEMOVE	130849234	250,277
MOUSEMOVE	130849234	251,275
MOUSEMOVE	130849250	252,272
MOUSEMOVE	130849250	254,269
MOUSEMOVE	130849265	255,267
MOUSEMOVE	130849265	258,263
MOUSEMOVE	130849281	260,260
MOUSEMOVE	130849281	263,256
MOUSEMOVE	130849296	266,254
MOUSEMOVE	130849312	270,251
MOUSEMOVE	130849312	273,249
MOUSEMOVE	130849328	275,248
MOUSEMOVE	130849328	278,247
MOUSEMOVE	130849375	279,247
MOUSEMOVE	130849390	280,247
MOUSEMOVE	130849390	282,247
MOUSEMOVE	130849421	285,247
MOUSEMOVE	130849421	288,246
MOUSEMOVE	130849421	291,246
MOUSEMOVE	130849421	293,246
MOUSEMOVE	130849437	296,246
MOUSEMOVE	130849437	299,246
MOUSEMOVE	130849453	301,246
MOUSEMOVE	130849453	304,246
MOUSEMOVE	130849468	308,246
MOUSEMOVE	130849468	312,246
MOUSEMOVE	130849484	319,246
MOUSEMOVE	130849484	325,246
MOUSEMOVE	130849500	331,246
MOUSEMOVE	130849500	338,246
MOUSEMOVE	130849515	343,246
MOUSEMOVE	130849515	349,246
MOUSEMOVE	130849531	352,246
MOUSEMOVE	130849531	354,246
MOUSEMOVE	130849546	355,246
LBUTTONDOWN	130849718	355,246
MOUSEMOVE	130849781	355,246
LBUTTONUP	130849796	355,246
LBUTTONDOWN	130849921	355,246
LBUTTONUP	130850000	355,246
MOUSEMOVE	130850875	355,246
MOUSEMOVE	130850875	353,246
MOUSEMOVE	130850890	349,246
MOUSEMOVE	130850890	343,246
MOUSEMOVE	130850906	336,246
MOUSEMOVE	130850906	328,246
MOUSEMOVE	130850921	320,246
MOUSEMOVE	130850921	309,246
MOUSEMOVE	130850937	299,246
MOUSEMOVE	130850937	289,246
MOUSEMOVE	130850953	280,246
MOUSEMOVE	130850953	270,247
MOUSEMOVE	130850968	263,249
MOUSEMOVE	130850968	256,252
MOUSEMOVE	130850984	249,255
MOUSEMOVE	130851000	243,259
MOUSEMOVE	130851000	237,263
MOUSEMOVE	130851015	231,269
MOUSEMOVE	130851015	224,278
MOUSEMOVE	130851031	217,287
MOUSEMOVE	130851031	209,297
MOUSEMOVE	130851046	201,307
MOUSEMOVE	130851046	195,317
MOUSEMOVE	130851062	189,326
MOUSEMOVE	130851062	184,336
MOUSEMOVE	130851078	179,346
MOUSEMOVE	130851078	175,356
MOUSEMOVE	130851093	172,365
MOUSEMOVE	130851093	167,375
MOUSEMOVE	130851109	163,385
MOUSEMOVE	130851109	160,395
MOUSEMOVE	130851125	156,403
MOUSEMOVE	130851125	153,409
MOUSEMOVE	130851140	150,414
MOUSEMOVE	130851171	144,421
MOUSEMOVE	130851171	144,421
MOUSEMOVE	130851171	143,423
MOUSEMOVE	130851187	142,423
MOUSEMOVE	130851187	141,423
MOUSEMOVE	130851203	139,424
MOUSEMOVE	130851203	138,424
MOUSEMOVE	130851218	137,424
MOUSEMOVE	130851218	135,424
MOUSEMOVE	130851234	134,424
MOUSEMOVE	130851234	133,424
MOUSEMOVE	130851265	131,424
MOUSEMOVE	130851296	130,424
MOUSEMOVE	130851296	129,424
MOUSEMOVE	130851359	127,424
MOUSEMOVE	130851375	125,424
MOUSEMOVE	130851375	122,424
MOUSEMOVE	130851390	119,425
MOUSEMOVE	130851390	117,426
MOUSEMOVE	130851406	114,427
MOUSEMOVE	130851406	112,429
MOUSEMOVE	130851421	108,431
MOUSEMOVE	130851421	105,434
MOUSEMOVE	130851437	100,437
MOUSEMOVE	130851437	97,439
MOUSEMOVE	130851453	94,441
MOUSEMOVE	130851453	92,443
MOUSEMOVE	130851468	91,444
MOUSEMOVE	130851468	89,446
MOUSEMOVE	130851484	89,447
MOUSEMOVE	130851484	88,448
MOUSEMOVE	130851500	88,448
MOUSEMOVE	130851593	87,449
LBUTTONDOWN	130851765	87,449
LBUTTONUP	130851890	87,449
MOUSEMOVE	130852359	86,449
MOUSEMOVE	130852390	86,447
MOUSEMOVE	130852406	86,447
MOUSEMOVE	130852406	87,446
MOUSEMOVE	130852421	87,445
MOUSEMOVE	130852453	87,444
MOUSEMOVE	130852468	87,444
MOUSEMOVE	130852468	87,442
MOUSEMOVE	130852484	87,440
MOUSEMOVE	130852500	88,438
MOUSEMOVE	130852515	89,437
MOUSEMOVE	130852546	89,437
MOUSEMOVE	130852546	89,435
MOUSEMOVE	130852562	89,435
MOUSEMOVE	130852578	89,434
MOUSEMOVE	130852578	89,434
MOUSEMOVE	130852640	89,433
MOUSEMOVE	130852640	89,432
MOUSEMOVE	130852687	89,431
MOUSEMOVE	130853187	89,428
MOUSEMOVE	130853203	90,428
MOUSEMOVE	130853218	90,427
MOUSEMOVE	130853265	91,427
MOUSEMOVE	130853265	91,426
MOUSEMOVE	130853281	92,426
MOUSEMOVE	130853281	93,425
MOUSEMOVE	130853296	93,424
MOUSEMOVE	130853296	94,424
MOUSEMOVE	130853312	97,423
MOUSEMOVE	130853312	99,422
MOUSEMOVE	130853328	102,422
MOUSEMOVE	130853343	105,422
MOUSEMOVE	130853343	109,421
MOUSEMOVE	130853359	114,420
MOUSEMOVE	130853359	119,419
MOUSEMOVE	130853375	125,419
MOUSEMOVE	130853375	130,419
MOUSEMOVE	130853390	137,419
MOUSEMOVE	130853390	145,419
MOUSEMOVE	130853406	154,419
MOUSEMOVE	130853406	163,419
MOUSEMOVE	130853421	174,419
MOUSEMOVE	130853421	186,420
MOUSEMOVE	130853437	200,423
MOUSEMOVE	130853437	215,428
MOUSEMOVE	130853453	235,435
MOUSEMOVE	130853453	258,446
MOUSEMOVE	130853468	278,455
MOUSEMOVE	130853468	299,465
MOUSEMOVE	130853484	315,473
MOUSEMOVE	130853484	330,482
MOUSEMOVE	130853500	344,491
MOUSEMOVE	130853500	358,501
MOUSEMOVE	130853515	368,509
MOUSEMOVE	130853515	377,516
MOUSEMOVE	130853531	383,525
MOUSEMOVE	130853531	390,534
MOUSEMOVE	130853546	394,543
MOUSEMOVE	130853546	399,555
MOUSEMOVE	130853562	403,564
MOUSEMOVE	130853562	407,575
MOUSEMOVE	130853578	409,586
MOUSEMOVE	130853578	412,597
MOUSEMOVE	130853593	415,608
MOUSEMOVE	130853593	416,617
MOUSEMOVE	130853609	417,627
MOUSEMOVE	130853609	417,636
MOUSEMOVE	130853625	417,645
MOUSEMOVE	130853625	417,655
MOUSEMOVE	130853640	417,664
MOUSEMOVE	130853640	417,673
MOUSEMOVE	130853656	417,681
MOUSEMOVE	130853656	417,689
MOUSEMOVE	130853671	417,696
MOUSEMOVE	130853687	417,704
MOUSEMOVE	130853687	417,711
MOUSEMOVE	130853703	417,715
MOUSEMOVE	130853703	418,719
MOUSEMOVE	130853718	419,724
MOUSEMOVE	130853718	419,726
MOUSEMOVE	130853734	421,727
MOUSEMOVE	130853750	422,729
MOUSEMOVE	130853750	422,729
MOUSEMOVE	130853781	423,730
MOUSEMOVE	130853796	423,730
MOUSEMOVE	130853796	424,730
MOUSEMOVE	130853812	426,731
MOUSEMOVE	130853812	428,732
MOUSEMOVE	130853828	431,733
MOUSEMOVE	130853828	436,735
MOUSEMOVE	130853843	441,736
MOUSEMOVE	130853843	446,737
MOUSEMOVE	130853859	450,739
MOUSEMOVE	130853859	456,740
MOUSEMOVE	130853875	461,741
MOUSEMOVE	130853875	467,741
MOUSEMOVE	130853890	471,741
MOUSEMOVE	130853890	475,741
MOUSEMOVE	130853906	478,741
MOUSEMOVE	130853906	480,741
MOUSEMOVE	130853921	482,741
MOUSEMOVE	130853984	484,741
MOUSEMOVE	130854000	485,741
MOUSEMOVE	130854015	486,742
MOUSEMOVE	130854031	487,742
MOUSEMOVE	130854031	488,742
MOUSEMOVE	130854046	489,743
MOUSEMOVE	130854046	491,743
MOUSEMOVE	130854062	492,743
MOUSEMOVE	130854062	494,743
MOUSEMOVE	130854078	495,743
MOUSEMOVE	130854078	497,743
MOUSEMOVE	130854093	498,744
MOUSEMOVE	130854109	499,744
LBUTTONDOWN	130854203	499,744
LBUTTONUP	130854312	499,744
MOUSEMOVE	130854593	500,744
MOUSEMOVE	130854609	501,744
MOUSEMOVE	130854609	503,744
MOUSEMOVE	130854625	503,744
MOUSEMOVE	130854625	504,743
MOUSEMOVE	130854640	506,743
MOUSEMOVE	130854640	508,742
MOUSEMOVE	130854656	510,740
MOUSEMOVE	130854656	514,739
MOUSEMOVE	130854671	521,737
MOUSEMOVE	130854687	528,736
MOUSEMOVE	130854687	539,735
MOUSEMOVE	130854703	551,735
MOUSEMOVE	130854703	564,735
MOUSEMOVE	130854718	579,735
MOUSEMOVE	130854718	592,735
MOUSEMOVE	130854734	605,735
MOUSEMOVE	130854734	617,737
MOUSEMOVE	130854750	629,738
MOUSEMOVE	130854750	640,740
MOUSEMOVE	130854765	648,742
MOUSEMOVE	130854765	654,745
MOUSEMOVE	130854781	660,747
MOUSEMOVE	130854781	662,748
MOUSEMOVE	130854828	663,749
MOUSEMOVE	130854859	663,749
MOUSEMOVE	130854875	663,750
MOUSEMOVE	130854875	661,751
MOUSEMOVE	130854890	660,751
MOUSEMOVE	130854890	659,751
MOUSEMOVE	130854906	657,751
MOUSEMOVE	130854906	654,751
MOUSEMOVE	130854921	652,751
MOUSEMOVE	130854921	650,751
MOUSEMOVE	130854937	647,751
MOUSEMOVE	130854937	642,751
MOUSEMOVE	130854953	637,751
MOUSEMOVE	130854953	630,751
MOUSEMOVE	130854968	623,751
MOUSEMOVE	130854968	618,750
MOUSEMOVE	130854984	612,750
MOUSEMOVE	130854984	606,750
MOUSEMOVE	130855000	601,749
MOUSEMOVE	130855015	597,748
MOUSEMOVE	130855015	593,747
MOUSEMOVE	130855031	591,746
MOUSEMOVE	130855031	588,746
MOUSEMOVE	130855046	586,745
MOUSEMOVE	130855046	585,745
MOUSEMOVE	130855062	583,745
MOUSEMOVE	130855125	582,745
MOUSEMOVE	130855140	582,744
LBUTTONDOWN	130856078	582,744
LBUTTONUP	130856171	582,744
