MOUSEMOVE	218593906	869,319
MOUSEMOVE	218593921	868,320
MOUSEMOVE	218593937	868,321
MOUSEMOVE	218593937	867,323
MOUSEMOVE	218593953	866,326
MOUSEMOVE	218593953	864,329
MOUSEMOVE	218593968	864,334
MOUSEMOVE	218593968	864,340
MOUSEMOVE	218593984	864,352
MOUSEMOVE	218593984	864,367
MOUSEMOVE	218594000	864,391
MOUSEMOVE	218594000	864,424
MOUSEMOVE	218594015	858,466
MOUSEMOVE	218594015	849,511
MOUSEMOVE	218594031	833,555
MOUSEMOVE	218594031	818,596
MOUSEMOVE	218594046	795,636
MOUSEMOVE	218594046	773,674
MOUSEMOVE	218594062	752,704
MOUSEMOVE	218594062	729,732
MOUSEMOVE	218594078	706,762
MOUSEMOVE	218594078	681,790
MOUSEMOVE	218594093	658,789
MOUSEMOVE	218594093	640,785
MOUSEMOVE	218594109	622,783
MOUSEMOVE	218594109	609,780
MOUSEMOVE	218594125	597,778
MOUSEMOVE	218594125	587,777
MOUSEMOVE	218594140	575,778
MOUSEMOVE	218594140	562,774
MOUSEMOVE	218594156	551,774
MOUSEMOVE	218594156	541,770
MOUSEMOVE	218594171	533,767
MOUSEMOVE	218594171	528,766
MOUSEMOVE	218594187	525,764
MOUSEMOVE	218594734	525,764
MOUSEMOVE	218594750	525,764
MOUSEMOVE	218594781	525,764
MOUSEMOVE	218594781	525,764
MOUSEMOVE	218594796	524,764
MOUSEMOVE	218594796	523,764
MOUSEMOVE	218594812	522,763
MOUSEMOVE	218594843	521,763
MOUSEMOVE	218595109	521,763
MOUSEMOVE	218595125	520,763
MOUSEMOVE	218595125	518,763
MOUSEMOVE	218595140	518,763
MOUSEMOVE	218595140	516,763
MOUSEMOVE	218595156	515,763
MOUSEMOVE	218595156	513,764
MOUSEMOVE	218595171	511,765
MOUSEMOVE	218595171	509,766
MOUSEMOVE	218595187	505,766
MOUSEMOVE	218595187	502,766
MOUSEMOVE	218595203	499,767
MOUSEMOVE	218595203	497,768
MOUSEMOVE	218595218	495,767
MOUSEMOVE	218595218	493,768
MOUSEMOVE	218595234	492,767
MOUSEMOVE	218595234	490,767
MOUSEMOVE	218595265	489,767
MOUSEMOVE	218595328	488,768
MOUSEMOVE	218595359	487,767
MOUSEMOVE	218595375	486,767
MOUSEMOVE	218595390	485,767
MOUSEMOVE	218595406	482,767
MOUSEMOVE	218595437	482,767
MOUSEMOVE	218599343	481,767
MOUSEMOVE	218599531	481,767
MOUSEMOVE	218599593	481,767
MOUSEMOVE	218599609	482,766
MOUSEMOVE	218599625	482,766
MOUSEMOVE	218599734	482,765
MOUSEMOVE	218599750	482,764
MOUSEMOVE	218599765	483,762
MOUSEMOVE	218599781	483,760
MOUSEMOVE	218599906	483,757
MOUSEMOVE	218599921	484,757
MOUSEMOVE	218599921	485,756
MOUSEMOVE	218599984	485,753
MOUSEMOVE	218600078	485,753
MOUSEMOVE	218600093	486,752
MOUSEMOVE	218601843	486,749
MOUSEMOVE	218623359	486,749
MOUSEMOVE	218623375	485,749
MOUSEMOVE	218623375	483,749
MOUSEMOVE	218623390	480,751
MOUSEMOVE	218623390	474,752
MOUSEMOVE	218623406	467,752
MOUSEMOVE	218623406	458,752
MOUSEMOVE	218623421	447,748
MOUSEMOVE	218623421	437,744
MOUSEMOVE	218623437	427,740
MOUSEMOVE	218623437	422,737
MOUSEMOVE	218623453	417,734
MOUSEMOVE	218623453	415,732
MOUSEMOVE	218623468	412,729
MOUSEMOVE	218623953	412,729
MOUSEMOVE	218623968	411,729
MOUSEMOVE	218624031	411,729
MOUSEMOVE	218624062	413,729
MOUSEMOVE	218624078	415,729
MOUSEMOVE	218624125	416,729
MOUSEMOVE	218624296	417,729
MOUSEMOVE	218624312	417,728
MOUSEMOVE	218624484	418,728
MOUSEMOVE	218624671	418,727
MOUSEMOVE	218624921	418,725
MOUSEMOVE	218627343	418,725
MOUSEMOVE	218627484	418,724
MOUSEMOVE	218627500	418,724
MOUSEMOVE	218627546	417,724
MOUSEMOVE	218627546	416,725
MOUSEMOVE	218627562	415,725
MOUSEMOVE	218627562	415,726
MOUSEMOVE	218627593	413,727
MOUSEMOVE	218627593	413,727
MOUSEMOVE	218627609	412,728
MOUSEMOVE	218627625	411,728
MOUSEMOVE	218627640	410,729
MOUSEMOVE	218627640	409,730
MOUSEMOVE	218627812	409,730
MOUSEMOVE	218627828	409,731
MOUSEMOVE	218627828	409,731
MOUSEMOVE	218627843	409,733
MOUSEMOVE	218627843	409,734
MOUSEMOVE	218627859	410,735
MOUSEMOVE	218627875	410,737
MOUSEMOVE	218627875	410,738
MOUSEMOVE	218627890	410,740
MOUSEMOVE	218627906	410,741
MOUSEMOVE	218627937	410,743
MOUSEMOVE	218627953	410,745
MOUSEMOVE	218627953	410,746
MOUSEMOVE	218627968	408,747
MOUSEMOVE	218627968	406,748
MOUSEMOVE	218627984	402,750
MOUSEMOVE	218627984	398,750
MOUSEMOVE	218628000	393,752
MOUSEMOVE	218628000	388,753
MOUSEMOVE	218628015	384,754
MOUSEMOVE	218628015	379,755
MOUSEMOVE	218628031	376,756
MOUSEMOVE	218628031	372,757
MOUSEMOVE	218628046	369,757
MOUSEMOVE	218628046	367,757
MOUSEMOVE	218628062	366,757
MOUSEMOVE	218628062	364,758
MOUSEMOVE	218628078	362,758
MOUSEMOVE	218628093	360,758
MOUSEMOVE	218628093	358,758
MOUSEMOVE	218628109	355,758
MOUSEMOVE	218628109	351,758
MOUSEMOVE	218628125	345,758
MOUSEMOVE	218628125	340,758
MOUSEMOVE	218628140	334,758
MOUSEMOVE	218628140	331,757
MOUSEMOVE	218628156	328,756
MOUSEMOVE	218628156	325,756
MOUSEMOVE	218628171	323,755
MOUSEMOVE	218628171	321,754
MOUSEMOVE	218628187	320,754
MOUSEMOVE	218628953	319,754
LBUTTONDOWN	218628953	319,754
LBUTTONUP	218629078	319,754
MOUSEMOVE	218635812	319,754
MOUSEMOVE	218635828	319,753
MOUSEMOVE	218635828	319,752
MOUSEMOVE	218635843	321,750
MOUSEMOVE	218635843	324,748
MOUSEMOVE	218635859	327,745
MOUSEMOVE	218635859	329,743
MOUSEMOVE	218635875	333,741
MOUSEMOVE	218635875	338,738
MOUSEMOVE	218635890	342,734
MOUSEMOVE	218635906	348,730
MOUSEMOVE	218635906	356,725
MOUSEMOVE	218635921	362,718
MOUSEMOVE	218635921	369,713
MOUSEMOVE	218635937	377,707
MOUSEMOVE	218635937	384,700
MOUSEMOVE	218635953	393,693
MOUSEMOVE	218635953	402,685
MOUSEMOVE	218635968	412,679
MOUSEMOVE	218635968	419,672
MOUSEMOVE	218635984	426,666
MOUSEMOVE	218635984	435,660
MOUSEMOVE	218636000	442,655
MOUSEMOVE	218636000	451,649
MOUSEMOVE	218636015	458,643
MOUSEMOVE	218636015	466,639
MOUSEMOVE	218636031	473,635
MOUSEMOVE	218636046	480,631
MOUSEMOVE	218636046	489,626
MOUSEMOVE	218636046	496,621
MOUSEMOVE	218636062	505,616
MOUSEMOVE	218636062	512,612
MOUSEMOVE	218636078	519,607
MOUSEMOVE	218636078	525,603
MOUSEMOVE	218636093	531,598
MOUSEMOVE	218636093	537,594
MOUSEMOVE	218636109	543,588
MOUSEMOVE	218636109	548,585
MOUSEMOVE	218636125	558,577
MOUSEMOVE	218636140	563,573
MOUSEMOVE	218636140	568,568
MOUSEMOVE	218636156	574,563
MOUSEMOVE	218636156	580,558
MOUSEMOVE	218636171	586,553
MOUSEMOVE	218636171	591,549
MOUSEMOVE	218636187	597,544
MOUSEMOVE	218636187	600,540
MOUSEMOVE	218636203	604,537
MOUSEMOVE	218636203	609,532
MOUSEMOVE	218636218	613,527
MOUSEMOVE	218636234	616,522
MOUSEMOVE	218636234	620,516
MOUSEMOVE	218636250	623,510
MOUSEMOVE	218636250	625,506
MOUSEMOVE	218636265	629,501
MOUSEMOVE	218636265	633,495
MOUSEMOVE	218636281	638,490
MOUSEMOVE	218636281	642,485
MOUSEMOVE	218636296	646,480
MOUSEMOVE	218636296	650,477
MOUSEMOVE	218636312	653,472
MOUSEMOVE	218636312	657,467
MOUSEMOVE	218636328	660,462
MOUSEMOVE	218636328	663,458
MOUSEMOVE	218636343	665,454
MOUSEMOVE	218636343	667,452
MOUSEMOVE	218636359	668,451
MOUSEMOVE	218636359	669,448
MOUSEMOVE	218636375	670,446
MOUSEMOVE	218636375	671,444
MOUSEMOVE	218636390	671,441
MOUSEMOVE	218636390	673,439
MOUSEMOVE	218636406	674,437
MOUSEMOVE	218636406	675,433
MOUSEMOVE	218636421	676,431
MOUSEMOVE	218636421	677,428
MOUSEMOVE	218636437	678,425
MOUSEMOVE	218636437	680,423
MOUSEMOVE	218636453	680,421
MOUSEMOVE	218636453	680,420
MOUSEMOVE	218636468	681,418
MOUSEMOVE	218636468	682,416
MOUSEMOVE	218636484	683,413
MOUSEMOVE	218636484	684,411
MOUSEMOVE	218636500	685,410
MOUSEMOVE	218636500	685,408
MOUSEMOVE	218636515	686,406
MOUSEMOVE	218636515	687,404
MOUSEMOVE	218636531	688,402
MOUSEMOVE	218636531	688,400
MOUSEMOVE	218636546	689,398
MOUSEMOVE	218636562	690,396
MOUSEMOVE	218636562	691,394
MOUSEMOVE	218636578	691,393
MOUSEMOVE	218636578	691,391
MOUSEMOVE	218636593	691,390
MOUSEMOVE	218636609	691,389
MOUSEMOVE	218636609	692,387
MOUSEMOVE	218636625	692,386
MOUSEMOVE	218636625	692,385
MOUSEMOVE	218636640	692,383
MOUSEMOVE	218636656	692,381
MOUSEMOVE	218636671	692,379
MOUSEMOVE	218636687	692,377
MOUSEMOVE	218636703	692,376
MOUSEMOVE	218636703	692,374
MOUSEMOVE	218636718	692,372
MOUSEMOVE	218636718	692,369
MOUSEMOVE	218636734	692,366
MOUSEMOVE	218636734	692,362
MOUSEMOVE	218636750	692,357
MOUSEMOVE	218636750	692,351
MOUSEMOVE	218636765	692,346
MOUSEMOVE	218636765	692,341
MOUSEMOVE	218636781	692,336
MOUSEMOVE	218636781	692,332
MOUSEMOVE	218636796	692,329
MOUSEMOVE	218636796	692,326
MOUSEMOVE	218636812	692,324
MOUSEMOVE	218636812	692,322
MOUSEMOVE	218636828	692,320
MOUSEMOVE	218636828	692,318
MOUSEMOVE	218636843	692,316
MOUSEMOVE	218636843	692,314
MOUSEMOVE	218636859	692,313
MOUSEMOVE	218636859	692,311
MOUSEMOVE	218636875	692,309
MOUSEMOVE	218636875	692,307
MOUSEMOVE	218636890	692,304
MOUSEMOVE	218636906	692,303
MOUSEMOVE	218636906	692,302
	218637500	692,302
	218637656	692,302
MOUSEMOVE	218638125	692,302
MOUSEMOVE	218638125	692,303
MOUSEMOVE	218638140	693,306
MOUSEMOVE	218638140	695,309
MOUSEMOVE	218638156	697,311
MOUSEMOVE	218638156	701,315
MOUSEMOVE	218638171	704,317
MOUSEMOVE	218638171	710,320
MOUSEMOVE	218638187	716,323
MOUSEMOVE	218638187	725,327
MOUSEMOVE	218638203	734,330
MOUSEMOVE	218638203	747,335
MOUSEMOVE	218638218	754,338
MOUSEMOVE	218638218	761,343
MOUSEMOVE	218638265	764,345
MOUSEMOVE	218638453	767,346
MOUSEMOVE	218638468	770,346
MOUSEMOVE	218638468	773,345
MOUSEMOVE	218638484	777,344
MOUSEMOVE	218638484	782,342
MOUSEMOVE	218638500	788,338
MOUSEMOVE	218638500	794,334
MOUSEMOVE	218638515	797,332
MOUSEMOVE	218638515	801,329
MOUSEMOVE	218638531	801,325
MOUSEMOVE	218638531	802,322
MOUSEMOVE	218638546	803,321
MOUSEMOVE	218638578	803,319
MOUSEMOVE	218638578	804,317
MOUSEMOVE	218638593	804,316
MOUSEMOVE	218638593	804,315
MOUSEMOVE	218638609	805,314
MOUSEWHEEL	218638718	805,314
MOUSEWHEEL	218638734	805,314
MOUSEWHEEL	218638781	805,314
MOUSEMOVE	218639078	805,313
MOUSEMOVE	218639531	806,312
MOUSEWHEEL	218639546	806,312
MOUSEWHEEL	218639562	806,312
MOUSEWHEEL	218639593	806,312
MOUSEWHEEL	218639687	806,312
MOUSEMOVE	218639890	807,312
MOUSEWHEEL	218641890	807,312
MOUSEWHEEL	218641921	807,312
MOUSEWHEEL	218641953	807,312
MOUSEMOVE	218642453	807,311
MOUSEMOVE	218642453	807,310
MOUSEMOVE	218642750	807,310
MOUSEMOVE	218643203	807,309
MOUSEMOVE	218644531	807,309
MOUSEWHEEL	218644578	807,309
MOUSEWHEEL	218644640	807,309
MOUSEMOVE	218644937	807,308
MOUSEMOVE	218645015	807,308
MOUSEMOVE	218650625	807,307
MOUSEWHEEL	218650640	807,307
MOUSEWHEEL	218650687	807,307
MOUSEMOVE	218651078	807,306
MOUSEMOVE	218651078	807,306
MOUSEMOVE	218651265	807,305
MOUSEMOVE	218651593	807,305
MOUSEMOVE	218651609	807,304
MOUSEMOVE	218652484	807,304
MOUSEMOVE	218652500	807,303
MOUSEMOVE	218652500	807,302
MOUSEMOVE	218652531	807,302
MOUSEWHEEL	218653734	807,302
MOUSEWHEEL	218653796	807,302
MOUSEMOVE	218654218	808,301
MOUSEWHEEL	218654890	808,301
MOUSEWHEEL	218654953	808,301
MOUSEWHEEL	218655000	808,301
MOUSEMOVE	218657406	808,301
MOUSEMOVE	218658625	808,300
MOUSEMOVE	218664859	808,300
MOUSEMOVE	218664890	806,300
MOUSEMOVE	218664890	804,300
MOUSEMOVE	218664906	802,300
MOUSEMOVE	218664906	800,301
MOUSEMOVE	218664921	796,303
MOUSEMOVE	218664937	792,305
MOUSEMOVE	218664937	785,309
MOUSEMOVE	218664953	776,312
MOUSEMOVE	218664953	766,318
MOUSEMOVE	218664968	755,322
MOUSEMOVE	218664968	743,328
MOUSEMOVE	218664984	729,332
MOUSEMOVE	218664984	714,338
MOUSEMOVE	218665000	702,344
MOUSEMOVE	218665000	690,349
MOUSEMOVE	218665015	679,354
MOUSEMOVE	218665015	669,358
MOUSEMOVE	218665031	659,363
MOUSEMOVE	218665046	651,368
MOUSEMOVE	218665046	642,372
MOUSEMOVE	218665046	635,375
MOUSEMOVE	218665062	628,377
MOUSEMOVE	218665062	622,380
MOUSEMOVE	218665078	616,382
MOUSEMOVE	218665078	610,385
MOUSEMOVE	218665093	606,387
MOUSEMOVE	218665093	601,389
MOUSEMOVE	218665109	597,391
MOUSEMOVE	218665109	591,393
MOUSEMOVE	218665125	585,395
MOUSEMOVE	218665125	579,397
MOUSEMOVE	218665140	573,400
MOUSEMOVE	218665140	565,404
MOUSEMOVE	218665156	557,406
MOUSEMOVE	218665156	550,409
MOUSEMOVE	218665171	541,411
MOUSEMOVE	218665187	533,413
MOUSEMOVE	218665187	525,416
MOUSEMOVE	218665187	518,418
MOUSEMOVE	218665203	511,420
MOUSEMOVE	218665218	504,421
MOUSEMOVE	218665218	497,422
MOUSEMOVE	218665218	491,423
MOUSEMOVE	218665234	486,424
MOUSEMOVE	218665250	480,425
MOUSEMOVE	218665250	474,426
MOUSEMOVE	218665265	469,426
MOUSEMOVE	218665265	462,426
MOUSEMOVE	218665281	456,426
MOUSEMOVE	218665281	448,426
MOUSEMOVE	218665296	441,427
MOUSEMOVE	218665312	417,431
MOUSEMOVE	218665328	409,433
MOUSEMOVE	218665328	399,435
MOUSEMOVE	218665343	390,437
MOUSEMOVE	218665343	379,438
MOUSEMOVE	218665359	368,440
MOUSEMOVE	218665359	356,441
MOUSEMOVE	218665375	346,441
MOUSEMOVE	218665375	334,441
MOUSEMOVE	218665390	322,441
MOUSEMOVE	218665390	311,441
MOUSEMOVE	218665406	301,441
MOUSEMOVE	218665406	289,443
MOUSEMOVE	218665421	278,444
MOUSEMOVE	218665421	266,446
MOUSEMOVE	218665437	255,447
MOUSEMOVE	218665437	245,448
MOUSEMOVE	218665453	237,448
MOUSEMOVE	218665453	229,448
MOUSEMOVE	218665468	220,448
MOUSEMOVE	218665468	213,448
MOUSEMOVE	218665484	207,448
MOUSEMOVE	218665484	202,447
MOUSEMOVE	218665500	196,445
MOUSEMOVE	218665515	192,443
MOUSEMOVE	218665515	189,442
MOUSEMOVE	218665515	185,440
MOUSEMOVE	218665531	181,439
MOUSEMOVE	218665531	178,438
MOUSEMOVE	218665546	175,437
MOUSEMOVE	218665546	172,437
MOUSEMOVE	218665562	169,437
MOUSEMOVE	218665562	166,437
MOUSEMOVE	218665578	163,437
MOUSEMOVE	218665593	160,437
MOUSEMOVE	218665593	158,437
MOUSEMOVE	218665609	156,437
MOUSEMOVE	218665609	155,437
MOUSEMOVE	218665625	154,437
MOUSEMOVE	218665625	152,437
MOUSEMOVE	218665687	150,437
MOUSEMOVE	218665765	149,438
MOUSEMOVE	218666390	149,438
MOUSEMOVE	218666390	149,438
MOUSEMOVE	218666406	149,436
MOUSEMOVE	218666437	149,435
MOUSEMOVE	218666453	149,435
MOUSEMOVE	218666937	149,434
MOUSEMOVE	218669421	149,432
MOUSEMOVE	218669421	149,432
MOUSEMOVE	218669468	149,431
MOUSEMOVE	218669546	149,430
MOUSEMOVE	218669546	149,429
MOUSEMOVE	218671312	149,427
MOUSEMOVE	218671328	152,426
MOUSEMOVE	218671343	156,426
MOUSEMOVE	218671343	164,424
MOUSEMOVE	218671359	177,423
MOUSEMOVE	218671359	193,422
MOUSEMOVE	218671375	220,422
MOUSEMOVE	218671375	253,422
MOUSEMOVE	218671390	294,422
MOUSEMOVE	218671390	340,422
MOUSEMOVE	218671406	391,422
MOUSEMOVE	218671406	448,422
MOUSEMOVE	218671421	502,422
MOUSEMOVE	218671421	553,422
MOUSEMOVE	218671437	605,422
MOUSEMOVE	218671437	654,423
MOUSEMOVE	218671453	699,431
MOUSEMOVE	218671468	734,438
MOUSEMOVE	218671468	755,442
MOUSEMOVE	218671468	767,445
MOUSEMOVE	218671484	775,446
MOUSEMOVE	218671484	779,447
MOUSEMOVE	218671562	781,448
MOUSEWHEEL	218671578	781,448
MOUSEMOVE	218671593	781,448
MOUSEWHEEL	218671593	781,448
MOUSEMOVE	218671609	782,448
MOUSEWHEEL	218671609	782,448
MOUSEMOVE	218671640	782,448
MOUSEWHEEL	218671656	782,448
MOUSEMOVE	218671875	782,447
MOUSEMOVE	218672046	782,446
MOUSEMOVE	218672375	782,446
MOUSEMOVE	218672859	782,444
MOUSEMOVE	218673015	782,442
MOUSEMOVE	218673687	782,440
MOUSEMOVE	218673781	782,439
MOUSEWHEEL	218673984	782,439
MOUSEWHEEL	218674046	782,439
MOUSEWHEEL	218674093	782,439
MOUSEWHEEL	218679140	782,439
MOUSEWHEEL	218679171	782,439
MOUSEMOVE	218679734	782,438
MOUSEMOVE	218679734	784,438
MOUSEMOVE	218679750	789,440
MOUSEMOVE	218679750	797,442
MOUSEMOVE	218679765	808,444
MOUSEMOVE	218679765	820,445
MOUSEMOVE	218679781	828,446
MOUSEMOVE	218679781	832,446
MOUSEMOVE	218679828	834,446
MOUSEMOVE	218679828	835,446
MOUSEMOVE	218679843	837,446
MOUSEMOVE	218679859	839,446
MOUSEMOVE	218679875	840,446
MOUSEMOVE	218679875	841,446
MOUSEMOVE	218679906	841,446
MOUSEWHEEL	218680015	841,446
MOUSEWHEEL	218680062	841,446
MOUSEMOVE	218680328	842,446
MOUSEMOVE	218680359	842,446
MOUSEMOVE	218680375	843,446
MOUSEMOVE	218680578	844,446
MOUSEMOVE	218680625	845,445
MOUSEMOVE	218680656	845,445
MOUSEMOVE	218680687	847,445
MOUSEMOVE	218680687	847,444
MOUSEMOVE	218686984	847,444
MOUSEMOVE	218687000	847,446
MOUSEMOVE	218687015	847,447
MOUSEMOVE	218687015	847,448
MOUSEMOVE	218687015	847,450
MOUSEMOVE	218687031	847,452
MOUSEMOVE	218687031	847,453
MOUSEWHEEL	218687046	847,453
MOUSEMOVE	218687046	847,454
MOUSEMOVE	218687062	847,454
MOUSEWHEEL	218687093	847,454
MOUSEWHEEL	218687156	847,454
MOUSEMOVE	218687453	847,455
MOUSEMOVE	218687453	847,455
MOUSEMOVE	218687843	847,456
MOUSEMOVE	218687843	847,456
MOUSEMOVE	218687859	847,457
MOUSEMOVE	218687875	847,457
MOUSEWHEEL	218687890	847,457
MOUSEWHEEL	218687921	847,457
MOUSEWHEEL	218687953	847,457
MOUSEMOVE	218688468	847,457
MOUSEMOVE	218688578	847,457
MOUSEMOVE	218688593	847,459
MOUSEMOVE	218688593	847,462
MOUSEMOVE	218688609	847,465
MOUSEMOVE	218688609	847,467
MOUSEWHEEL	218688625	847,467
MOUSEWHEEL	218688625	847,467
MOUSEMOVE	218688625	847,467
MOUSEMOVE	218688640	846,468
MOUSEWHEEL	218688640	846,468
MOUSEWHEEL	218688656	846,468
MOUSEMOVE	218688843	846,468
MOUSEMOVE	218688906	846,468
MOUSEMOVE	218688937	846,467
MOUSEMOVE	218688953	846,467
MOUSEMOVE	218689031	846,466
MOUSEMOVE	218689093	846,466
MOUSEMOVE	218689093	846,465
MOUSEMOVE	218689109	846,464
MOUSEMOVE	218689125	846,464
MOUSEMOVE	218689125	846,463
MOUSEMOVE	218689593	846,463
MOUSEMOVE	218690781	846,462
MOUSEMOVE	218690796	846,462
MOUSEMOVE	218691375	846,461
MOUSEMOVE	218691406	846,460
MOUSEMOVE	218691437	847,458
MOUSEMOVE	218691625	847,458
MOUSEMOVE	218691656	847,460
MOUSEMOVE	218691656	847,462
MOUSEMOVE	218691656	847,463
MOUSEWHEEL	218691671	847,462
MOUSEMOVE	218691687	847,464
MOUSEWHEEL	218691703	847,464
MOUSEWHEEL	218691750	847,464
MOUSEWHEEL	218691828	847,464
MOUSEMOVE	218691984	847,463
MOUSEMOVE	218692062	848,463
MOUSEMOVE	218692187	848,462
MOUSEMOVE	218693171	849,462
MOUSEMOVE	218693406	849,462
MOUSEWHEEL	218693453	849,462
MOUSEMOVE	218693484	849,463
MOUSEWHEEL	218693515	849,463
MOUSEMOVE	218693515	849,465
MOUSEMOVE	218693515	849,466
MOUSEMOVE	218693531	849,467
MOUSEMOVE	218693531	849,469
MOUSEWHEEL	218693546	849,469
MOUSEMOVE	218693562	849,471
MOUSEMOVE	218693562	849,472
MOUSEWHEEL	218693609	849,472
MOUSEMOVE	218693734	850,473
MOUSEMOVE	218693734	851,473
MOUSEMOVE	218693781	851,473
MOUSEMOVE	218693796	852,473
MOUSEMOVE	218693843	854,473
MOUSEMOVE	218693859	855,473
MOUSEMOVE	218693859	856,473
MOUSEMOVE	218693875	856,472
MOUSEMOVE	218693890	856,471
MOUSEMOVE	218693906	857,469
MOUSEMOVE	218694000	857,469
MOUSEMOVE	218694000	857,470
MOUSEWHEEL	218694031	857,470
MOUSEWHEEL	218694046	857,470
MOUSEMOVE	218694078	857,470
MOUSEWHEEL	218694093	857,470
MOUSEWHEEL	218694156	857,470
MOUSEMOVE	218694171	856,470
MOUSEMOVE	218694171	856,469
MOUSEMOVE	218694187	856,468
MOUSEMOVE	218694187	856,467
MOUSEMOVE	218694203	856,465
MOUSEMOVE	218694203	856,464
MOUSEMOVE	218694218	856,463
MOUSEMOVE	218694218	856,462
MOUSEMOVE	218694234	856,460
MOUSEMOVE	218694234	856,459
MOUSEMOVE	218694281	856,457
MOUSEMOVE	218694312	856,456
MOUSEMOVE	218694312	856,455
MOUSEMOVE	218694468	857,455
MOUSEMOVE	218694578	858,455
MOUSEMOVE	218694593	858,455
MOUSEMOVE	218694609	859,454
MOUSEMOVE	218694625	860,452
MOUSEMOVE	218694625	860,451
MOUSEMOVE	218694765	860,450
MOUSEWHEEL	218694812	860,450
MOUSEWHEEL	218694828	860,450
MOUSEMOVE	218695062	861,450
MOUSEMOVE	218695156	861,450
MOUSEMOVE	218695218	862,450
MOUSEMOVE	218698140	862,449
MOUSEMOVE	218698218	862,448
MOUSEMOVE	218698343	861,447
MOUSEMOVE	218699500	861,447
MOUSEMOVE	218699718	861,446
MOUSEMOVE	218699718	860,445
MOUSEMOVE	218699734	860,444
MOUSEMOVE	218699734	859,443
MOUSEMOVE	218704171	859,443
MOUSEMOVE	218704187	858,443
MOUSEMOVE	218704187	855,443
MOUSEMOVE	218704203	849,445
MOUSEMOVE	218704218	844,447
MOUSEMOVE	218704218	841,448
MOUSEMOVE	218704218	839,449
MOUSEMOVE	218704234	838,449
MOUSEMOVE	218704250	836,449
MOUSEMOVE	218704250	834,449
MOUSEMOVE	218704265	830,449
MOUSEMOVE	218704265	825,449
MOUSEMOVE	218704281	818,449
MOUSEMOVE	218704281	810,449
MOUSEMOVE	218704296	803,450
MOUSEMOVE	218704312	796,450
MOUSEMOVE	218704312	790,450
MOUSEMOVE	218704328	781,449
MOUSEMOVE	218704328	773,448
MOUSEMOVE	218704343	765,446
MOUSEMOVE	218704343	757,445
MOUSEMOVE	218704359	750,443
MOUSEMOVE	218704359	743,442
MOUSEMOVE	218704375	737,441
MOUSEMOVE	218704375	729,440
MOUSEMOVE	218704390	718,439
MOUSEMOVE	218704390	704,439
MOUSEMOVE	218704406	686,439
MOUSEMOVE	218704406	665,436
MOUSEMOVE	218704421	641,430
MOUSEMOVE	218704421	614,424
MOUSEMOVE	218704437	585,417
MOUSEMOVE	218704437	558,411
MOUSEMOVE	218704468	539,406
MOUSEMOVE	218704468	525,402
MOUSEMOVE	218704468	516,400
MOUSEMOVE	218704484	509,398
MOUSEMOVE	218704500	502,397
MOUSEMOVE	218704500	496,395
MOUSEMOVE	218704515	490,391
MOUSEMOVE	218704515	483,387
MOUSEMOVE	218704515	473,380
MOUSEMOVE	218704531	462,374
MOUSEMOVE	218704546	448,364
MOUSEMOVE	218704546	434,352
MOUSEMOVE	218704546	419,340
MOUSEMOVE	218704562	407,329
MOUSEMOVE	218704578	399,319
MOUSEMOVE	218704578	393,310
MOUSEMOVE	218704593	389,303
MOUSEMOVE	218704593	383,297
MOUSEMOVE	218704609	379,291
MOUSEMOVE	218704609	373,285
MOUSEMOVE	218704625	366,278
MOUSEMOVE	218704625	357,270
MOUSEMOVE	218704640	348,260
MOUSEMOVE	218704640	336,247
MOUSEMOVE	218704656	322,232
MOUSEMOVE	218704656	307,219
MOUSEMOVE	218704671	293,207
MOUSEMOVE	218704671	283,197
MOUSEMOVE	218704687	275,188
MOUSEMOVE	218704687	269,181
MOUSEMOVE	218704703	262,172
MOUSEMOVE	218704703	257,165
MOUSEMOVE	218704718	253,158
MOUSEMOVE	218704718	250,153
MOUSEMOVE	218704734	247,147
MOUSEMOVE	218704734	244,142
MOUSEMOVE	218704750	240,137
MOUSEMOVE	218704750	237,133
MOUSEMOVE	218704765	235,129
MOUSEMOVE	218704765	232,127
MOUSEMOVE	218704781	230,124
MOUSEMOVE	218704781	228,122
MOUSEMOVE	218704796	226,120
MOUSEMOVE	218704796	225,118
MOUSEMOVE	218704812	224,117
MOUSEMOVE	218704812	223,116
MOUSEMOVE	218704828	222,114
MOUSEMOVE	218704828	222,114
MOUSEMOVE	218704843	222,113
MOUSEMOVE	218704890	221,113
MOUSEMOVE	218704921	220,113
MOUSEMOVE	218704937	219,113
MOUSEMOVE	218704953	217,113
MOUSEMOVE	218704953	216,113
MOUSEMOVE	218704968	214,113
MOUSEMOVE	218704968	212,113
MOUSEMOVE	218704984	209,113
MOUSEMOVE	218704984	207,115
MOUSEMOVE	218705000	203,116
MOUSEMOVE	218705000	200,118
MOUSEMOVE	218705015	195,120
MOUSEMOVE	218705015	191,121
MOUSEMOVE	218705031	187,123
MOUSEMOVE	218705031	183,125
MOUSEMOVE	218705046	179,127
MOUSEMOVE	218705046	176,128
MOUSEMOVE	218705062	174,130
MOUSEMOVE	218705062	173,130
MOUSEMOVE	218705078	171,132
MOUSEMOVE	218705078	170,133
MOUSEMOVE	218705093	168,133
MOUSEMOVE	218705093	167,134
MOUSEMOVE	218705109	166,135
MOUSEMOVE	218705109	164,137
MOUSEMOVE	218705125	163,138
MOUSEMOVE	218705125	162,140
MOUSEMOVE	218705140	161,141
MOUSEMOVE	218705156	159,144
MOUSEMOVE	218705171	159,146
MOUSEMOVE	218705171	158,147
MOUSEMOVE	218705187	156,149
MOUSEMOVE	218705187	156,150
MOUSEMOVE	218705203	154,151
MOUSEMOVE	218705203	154,153
MOUSEMOVE	218705218	153,154
MOUSEMOVE	218705265	152,156
MOUSEMOVE	218705281	150,156
MOUSEMOVE	218705296	150,157
MOUSEMOVE	218705312	149,157
MOUSEMOVE	218705390	148,157
MOUSEMOVE	218705390	146,157
MOUSEMOVE	218705406	146,157
MOUSEMOVE	218705421	145,157
MOUSEMOVE	218705437	145,157
LBUTTONDOWN	218705546	145,157
LBUTTONUP	218705656	145,157
MOUSEMOVE	218706187	144,158
MOUSEMOVE	218706187	144,159
MOUSEMOVE	218706203	143,161
MOUSEMOVE	218706203	142,164
MOUSEMOVE	218706218	141,165
MOUSEMOVE	218706234	141,166
MOUSEMOVE	218706250	141,166
MOUSEMOVE	218706265	141,167
MOUSEMOVE	218706265	141,169
MOUSEMOVE	218706281	141,170
MOUSEMOVE	218706281	141,172
MOUSEMOVE	218706296	142,174
MOUSEMOVE	218706296	142,175
MOUSEMOVE	218706312	143,177
MOUSEMOVE	218706328	144,179
MOUSEMOVE	218706328	145,181
MOUSEMOVE	218706343	145,183
MOUSEMOVE	218706343	146,185
MOUSEMOVE	218706359	147,186
MOUSEMOVE	218706359	148,188
MOUSEMOVE	218706375	149,189
MOUSEMOVE	218706375	149,191
MOUSEMOVE	218706390	150,193
MOUSEMOVE	218706390	151,194
MOUSEMOVE	218706406	152,196
MOUSEMOVE	218706406	152,199
MOUSEMOVE	218706421	153,202
MOUSEMOVE	218706421	155,206
MOUSEMOVE	218706437	158,210
MOUSEMOVE	218706437	161,216
MOUSEMOVE	218706453	164,221
MOUSEMOVE	218706453	166,226
MOUSEMOVE	218706468	169,230
MOUSEMOVE	218706468	172,235
MOUSEMOVE	218706484	174,240
MOUSEMOVE	218706484	175,243
MOUSEMOVE	218706500	177,247
MOUSEMOVE	218706500	179,252
MOUSEMOVE	218706515	182,258
MOUSEMOVE	218706515	185,264
MOUSEMOVE	218706531	188,270
MOUSEMOVE	218706531	192,276
MOUSEMOVE	218706546	196,282
MOUSEMOVE	218706546	202,288
MOUSEMOVE	218706562	209,294
MOUSEMOVE	218706578	217,301
MOUSEMOVE	218706578	224,306
MOUSEMOVE	218706593	233,311
MOUSEMOVE	218706593	244,317
MOUSEMOVE	218706609	256,322
MOUSEMOVE	218706609	272,329
MOUSEMOVE	218706625	286,333
MOUSEMOVE	218706625	306,340
MOUSEMOVE	218706640	325,346
MOUSEMOVE	218706640	347,352
MOUSEMOVE	218706656	368,356
MOUSEMOVE	218706656	389,360
MOUSEMOVE	218706671	411,366
MOUSEMOVE	218706671	433,372
MOUSEMOVE	218706687	456,376
MOUSEMOVE	218706687	477,380
MOUSEMOVE	218706703	496,386
MOUSEMOVE	218706718	515,390
MOUSEMOVE	218706718	530,392
MOUSEMOVE	218706718	544,393
MOUSEMOVE	218706734	556,393
MOUSEMOVE	218706734	565,393
MOUSEMOVE	218706750	573,393
MOUSEMOVE	218706750	578,393
MOUSEMOVE	218706765	581,393
MOUSEMOVE	218706765	584,393
MOUSEMOVE	218706781	586,393
MOUSEMOVE	218706921	586,393
MOUSEMOVE	218706953	587,392
MOUSEMOVE	218706953	587,391
MOUSEMOVE	218706968	587,390
MOUSEMOVE	218706984	587,390
MOUSEMOVE	218707093	588,389
MOUSEMOVE	218707109	588,388
MOUSEMOVE	218707312	588,389
MOUSEMOVE	218707312	588,391
MOUSEMOVE	218707328	588,396
MOUSEMOVE	218707328	587,404
MOUSEMOVE	218707343	587,415
MOUSEMOVE	218707343	587,428
MOUSEMOVE	218707359	587,443
MOUSEMOVE	218707359	587,459
MOUSEMOVE	218707375	587,478
MOUSEMOVE	218707375	587,492
MOUSEMOVE	218707390	587,507
MOUSEMOVE	218707390	585,522
MOUSEMOVE	218707406	584,534
MOUSEMOVE	218707406	582,544
MOUSEMOVE	218707421	580,554
MOUSEMOVE	218707421	578,564
MOUSEMOVE	218707437	577,570
MOUSEMOVE	218707437	576,577
MOUSEMOVE	218707453	574,583
MOUSEMOVE	218707453	572,589
MOUSEMOVE	218707468	569,593
MOUSEMOVE	218707468	567,598
MOUSEMOVE	218707484	564,603
MOUSEMOVE	218707500	561,608
MOUSEMOVE	218707500	558,611
MOUSEMOVE	218707500	555,616
MOUSEMOVE	218707515	552,619
MOUSEMOVE	218707515	547,622
MOUSEMOVE	218707531	543,627
MOUSEMOVE	218707531	539,633
MOUSEMOVE	218707546	534,638
MOUSEMOVE	218707546	529,644
MOUSEMOVE	218707562	523,651
MOUSEMOVE	218707578	517,659
MOUSEMOVE	218707578	511,667
MOUSEMOVE	218707593	505,675
MOUSEMOVE	218707593	498,684
MOUSEMOVE	218707609	492,691
MOUSEMOVE	218707609	486,697
MOUSEMOVE	218707625	481,702
MOUSEMOVE	218707625	476,707
MOUSEMOVE	218707640	472,712
MOUSEMOVE	218707640	471,714
MOUSEMOVE	218707656	469,715
MOUSEMOVE	218707656	468,717
MOUSEMOVE	218707671	468,718
MOUSEMOVE	218707671	467,719
MOUSEMOVE	218707687	467,720
MOUSEMOVE	218707703	465,721
MOUSEMOVE	218707703	465,723
MOUSEMOVE	218707718	463,725
MOUSEMOVE	218707718	462,727
MOUSEMOVE	218707734	460,731
MOUSEMOVE	218707734	459,734
MOUSEMOVE	218707750	457,738
MOUSEMOVE	218707750	457,741
MOUSEMOVE	218707765	455,746
MOUSEMOVE	218707765	453,749
MOUSEMOVE	218707781	450,754
MOUSEMOVE	218707781	448,757
MOUSEMOVE	218707796	446,761
MOUSEMOVE	218707796	445,763
MOUSEMOVE	218707812	444,765
MOUSEMOVE	218707812	442,766
MOUSEMOVE	218707828	442,767
LBUTTONDOWN	218707984	442,767
LBUTTONUP	218708078	442,767
MOUSEMOVE	218709734	442,767
MOUSEMOVE	218709750	442,767
MOUSEMOVE	218709750	442,765
MOUSEMOVE	218709765	442,763
MOUSEMOVE	218709781	442,761
MOUSEMOVE	218709781	442,760
MOUSEMOVE	218709796	442,759
MOUSEMOVE	218709812	442,757
MOUSEMOVE	218709828	442,755
MOUSEMOVE	218709828	442,753
MOUSEMOVE	218709843	442,751
MOUSEMOVE	218709843	442,749
MOUSEMOVE	218709859	442,747
MOUSEMOVE	218709859	442,745
MOUSEMOVE	218709875	443,743
MOUSEMOVE	218709890	443,740
MOUSEMOVE	218709890	444,736
MOUSEMOVE	218709906	445,732
MOUSEMOVE	218709906	445,729
MOUSEMOVE	218709921	446,725
MOUSEMOVE	218709921	447,722
MOUSEMOVE	218709937	448,717
MOUSEMOVE	218709937	449,713
MOUSEMOVE	218709953	450,709
MOUSEMOVE	218709953	451,705
MOUSEMOVE	218709968	452,702
MOUSEMOVE	218709968	454,699
MOUSEMOVE	218709984	456,694
MOUSEMOVE	218709984	457,690
MOUSEMOVE	218710000	459,685
MOUSEMOVE	218710000	462,681
MOUSEMOVE	218710015	465,674
MOUSEMOVE	218710015	468,665
MOUSEMOVE	218710031	471,658
MOUSEMOVE	218710031	473,651
MOUSEMOVE	218710046	476,645
MOUSEMOVE	218710046	478,641
MOUSEMOVE	218710062	480,636
MOUSEMOVE	218710062	481,633
MOUSEMOVE	218710078	482,628
MOUSEMOVE	218710078	483,625
MOUSEMOVE	218710093	485,622
MOUSEMOVE	218710093	486,619
MOUSEMOVE	218710109	486,616
MOUSEMOVE	218710109	486,612
MOUSEMOVE	218710125	487,607
MOUSEMOVE	218710125	488,603
MOUSEMOVE	218710140	489,599
MOUSEMOVE	218710156	489,596
MOUSEMOVE	218710156	489,592
MOUSEMOVE	218710156	489,588
MOUSEMOVE	218710171	489,582
MOUSEMOVE	218710187	489,578
MOUSEMOVE	218710187	487,573
MOUSEMOVE	218710203	487,570
MOUSEMOVE	218710203	487,565
MOUSEMOVE	218710203	487,558
MOUSEMOVE	218710218	487,551
MOUSEMOVE	218710218	487,546
MOUSEMOVE	218710234	487,543
MOUSEMOVE	218710234	487,541
MOUSEMOVE	218715640	486,541
MOUSEMOVE	218715656	480,541
MOUSEMOVE	218715656	469,544
MOUSEMOVE	218715671	457,546
MOUSEMOVE	218715671	443,550
MOUSEMOVE	218715687	430,553
MOUSEMOVE	218715687	418,556
MOUSEMOVE	218715703	409,559
MOUSEMOVE	218715718	403,561
MOUSEMOVE	218715718	401,562
MOUSEMOVE	218715718	400,562
MOUSEMOVE	218715734	400,563
MOUSEMOVE	218715750	403,563
MOUSEMOVE	218715750	409,565
MOUSEMOVE	218715765	415,566
MOUSEMOVE	218715781	421,568
MOUSEMOVE	218715781	426,569
MOUSEMOVE	218715781	431,571
MOUSEMOVE	218715796	435,572
MOUSEMOVE	218715796	438,574
MOUSEMOVE	218715812	441,574
MOUSEMOVE	218715812	443,576
MOUSEMOVE	218715828	445,579
MOUSEMOVE	218715828	449,585
MOUSEMOVE	218715843	452,593
MOUSEMOVE	218715843	456,602
MOUSEMOVE	218715859	458,609
MOUSEMOVE	218715859	459,616
MOUSEMOVE	218715890	459,620
MOUSEMOVE	218715890	463,624
MOUSEMOVE	218715906	473,628
MOUSEMOVE	218715906	485,631
MOUSEMOVE	218715921	500,633
MOUSEMOVE	218715921	516,634
MOUSEMOVE	218715921	531,636
MOUSEMOVE	218715937	544,641
MOUSEMOVE	218715937	549,648
MOUSEMOVE	218715953	551,657
MOUSEMOVE	218715953	551,668
MOUSEMOVE	218715968	549,678
MOUSEMOVE	218715968	546,685
MOUSEMOVE	218715984	543,690
MOUSEMOVE	218715984	542,692
MOUSEMOVE	218716000	543,693
MOUSEMOVE	218716000	547,694
MOUSEMOVE	218716015	555,694
MOUSEMOVE	218716015	566,691
MOUSEMOVE	218716031	579,687
MOUSEMOVE	218716031	593,685
MOUSEMOVE	218716046	606,684
MOUSEMOVE	218716046	618,683
MOUSEMOVE	218716062	628,683
MOUSEMOVE	218716062	636,683
MOUSEMOVE	218716078	645,683
MOUSEMOVE	218716078	656,683
MOUSEMOVE	218716093	667,683
MOUSEMOVE	218716093	681,683
MOUSEMOVE	218716109	698,685
MOUSEMOVE	218716109	716,688
MOUSEMOVE	218716125	735,689
MOUSEMOVE	218716125	753,691
MOUSEMOVE	218716140	767,691
MOUSEMOVE	218716140	782,691
MOUSEMOVE	218716156	795,691
MOUSEMOVE	218716156	808,691
MOUSEMOVE	218716171	821,691
MOUSEMOVE	218716171	833,691
MOUSEMOVE	218716187	847,690
MOUSEMOVE	218716187	860,688
MOUSEMOVE	218716203	873,686
MOUSEMOVE	218716203	886,684
MOUSEMOVE	218716218	899,679
MOUSEMOVE	218716234	914,674
MOUSEMOVE	218716234	930,671
MOUSEMOVE	218716250	948,667
MOUSEMOVE	218716250	962,664
MOUSEMOVE	218716265	980,663
MOUSEMOVE	218716265	1005,662
MOUSEMOVE	218716281	1033,662
MOUSEMOVE	218716281	1065,662
MOUSEMOVE	218716296	1098,662
MOUSEMOVE	218716296	1130,662
MOUSEMOVE	218716312	1160,662
MOUSEMOVE	218716312	1182,662
MOUSEMOVE	218716328	1201,662
MOUSEMOVE	218716328	1216,662
MOUSEMOVE	218716343	1228,662
MOUSEMOVE	218716343	1238,662
MOUSEMOVE	218716359	1249,662
MOUSEMOVE	218716359	1260,662
MOUSEMOVE	218716375	1271,664
MOUSEMOVE	218716375	1281,666
MOUSEMOVE	218716390	1291,667
MOUSEMOVE	218716390	1301,669
MOUSEMOVE	218716406	1309,670
MOUSEMOVE	218716406	1316,672
MOUSEMOVE	218716421	1321,673
MOUSEMOVE	218716421	1327,675
MOUSEMOVE	218716437	1333,676
MOUSEMOVE	218716437	1338,678
MOUSEMOVE	218716453	1344,682
MOUSEMOVE	218716453	1350,685
MOUSEMOVE	218716468	1356,688
MOUSEMOVE	218716468	1360,690
MOUSEMOVE	218716484	1362,692
MOUSEMOVE	218716484	1364,693
MOUSEMOVE	218716500	1365,694
MOUSEMOVE	218716500	1365,695
MOUSEMOVE	218716578	1365,695
MOUSEMOVE	218716593	1364,694
MOUSEMOVE	218716593	1363,693
MOUSEMOVE	218716609	1362,692
MOUSEMOVE	218716609	1361,690
MOUSEMOVE	218716625	1360,688
MOUSEMOVE	218716625	1359,687
MOUSEMOVE	218716640	1358,686
MOUSEMOVE	218716640	1358,686
MOUSEMOVE	218716656	1357,686
MOUSEMOVE	218716734	1357,686
MOUSEMOVE	218716734	1356,686
MOUSEMOVE	218716750	1355,686
MOUSEMOVE	218716750	1354,686
MOUSEMOVE	218716765	1352,686
MOUSEMOVE	218716765	1351,686
MOUSEMOVE	218716781	1350,686
MOUSEMOVE	218716781	1348,686
MOUSEMOVE	218716796	1346,687
MOUSEMOVE	218716796	1345,687
MOUSEMOVE	218716812	1343,687
MOUSEMOVE	218716812	1342,688
MOUSEMOVE	218716828	1340,689
MOUSEMOVE	218716828	1338,689
MOUSEMOVE	218716843	1336,689
MOUSEMOVE	218716843	1335,689
MOUSEMOVE	218716859	1334,689
MOUSEMOVE	218716875	1334,689
MOUSEMOVE	218716875	1333,689
MOUSEMOVE	218716890	1331,690
MOUSEMOVE	218716890	1331,691
MOUSEMOVE	218716906	1330,691
MOUSEMOVE	218716906	1328,691
MOUSEMOVE	218716921	1327,692
MOUSEMOVE	218716937	1326,693
MOUSEMOVE	218716937	1325,696
MOUSEMOVE	218716953	1323,698
MOUSEMOVE	218716953	1322,700
MOUSEMOVE	218716968	1319,703
MOUSEMOVE	218716968	1317,707
MOUSEMOVE	218716984	1315,710
MOUSEMOVE	218716984	1313,713
MOUSEMOVE	218717000	1312,717
MOUSEMOVE	218717000	1310,720
MOUSEMOVE	218717015	1309,722
MOUSEMOVE	218717015	1308,725
MOUSEMOVE	218717031	1306,727
MOUSEMOVE	218717031	1306,729
MOUSEMOVE	218717046	1305,730
MOUSEMOVE	218717062	1305,731
MOUSEMOVE	218717062	1305,731
MOUSEMOVE	218717078	1305,732
MOUSEMOVE	218717078	1304,734
MOUSEMOVE	218717093	1304,735
MOUSEMOVE	218717093	1303,736
MOUSEMOVE	218717109	1303,737
MOUSEMOVE	218717109	1302,738
MOUSEMOVE	218717125	1302,738
MOUSEMOVE	218717140	1300,739
MOUSEMOVE	218717140	1298,740
MOUSEMOVE	218717156	1295,740
MOUSEMOVE	218717156	1292,741
MOUSEMOVE	218717171	1287,742
MOUSEMOVE	218717171	1282,742
MOUSEMOVE	218717187	1278,742
MOUSEMOVE	218717187	1274,742
MOUSEMOVE	218717203	1268,742
MOUSEMOVE	218717203	1264,742
MOUSEMOVE	218717218	1260,742
MOUSEMOVE	218717218	1256,742
MOUSEMOVE	218717234	1253,742
MOUSEMOVE	218717234	1250,742
MOUSEMOVE	218717250	1248,742
MOUSEMOVE	218717265	1246,742
MOUSEMOVE	218717265	1243,742
MOUSEMOVE	218717281	1241,742
MOUSEMOVE	218717281	1239,742
MOUSEMOVE	218717296	1237,742
MOUSEMOVE	218717296	1236,742
MOUSEMOVE	218717312	1234,742
MOUSEMOVE	218717312	1233,742
MOUSEMOVE	218717328	1232,742
MOUSEMOVE	218717343	1231,742
MOUSEMOVE	218717359	1231,742
MOUSEMOVE	218717359	1230,742
MOUSEMOVE	218717375	1230,742
MOUSEMOVE	218717390	1229,742
MOUSEMOVE	218717390	1227,742
MOUSEMOVE	218717406	1225,742
MOUSEMOVE	218717421	1224,742
MOUSEMOVE	218717421	1222,742
MOUSEMOVE	218717437	1221,742
MOUSEMOVE	218717437	1220,742
MOUSEMOVE	218717453	1219,742
MOUSEMOVE	218717453	1217,742
MOUSEMOVE	218717546	1217,742
MOUSEMOVE	218717546	1216,743
RBUTTONDOWN	218717718	1216,743
RBUTTONUP	218717796	1216,743
MOUSEMOVE	218718000	1215,743
MOUSEMOVE	218718015	1214,742
MOUSEMOVE	218718171	1214,742
MOUSEMOVE	218718187	1214,741
MOUSEMOVE	218718203	1214,741
MOUSEMOVE	218718203	1214,739
LBUTTONDOWN	218718546	1214,739
LBUTTONUP	218718609	1214,739
MOUSEMOVE	218719562	1214,737
MOUSEMOVE	218719578	1213,737
MOUSEMOVE	218719609	1213,736
MOUSEMOVE	218719625	1212,736
MOUSEMOVE	218719625	1211,735
MOUSEMOVE	218719640	1211,735
MOUSEMOVE	218719656	1210,734
MOUSEMOVE	218719671	1210,733
MOUSEMOVE	218719671	1209,731
MOUSEMOVE	218719687	1208,731
MOUSEMOVE	218719687	1208,730
MOUSEMOVE	218719703	1206,729
MOUSEMOVE	218719703	1206,728
MOUSEMOVE	218719718	1204,726
MOUSEMOVE	218719734	1203,725
MOUSEMOVE	218719750	1197,721
MOUSEMOVE	218719750	1196,720
MOUSEMOVE	218719765	1194,718
MOUSEMOVE	218719765	1193,717
MOUSEMOVE	218719781	1191,716
MOUSEMOVE	218719781	1190,715
MOUSEMOVE	218719796	1189,713
MOUSEMOVE	218719796	1187,712
MOUSEMOVE	218719812	1186,710
MOUSEMOVE	218719812	1184,709
MOUSEMOVE	218719828	1183,707
MOUSEMOVE	218719828	1182,705
MOUSEMOVE	218719843	1181,702
MOUSEMOVE	218719843	1179,700
MOUSEMOVE	218719859	1177,698
MOUSEMOVE	218719859	1174,694
MOUSEMOVE	218719875	1172,691
MOUSEMOVE	218719875	1168,686
MOUSEMOVE	218719890	1164,682
MOUSEMOVE	218719890	1159,680
MOUSEMOVE	218719906	1156,676
MOUSEMOVE	218719906	1151,672
MOUSEMOVE	218719921	1147,667
MOUSEMOVE	218719937	1143,664
MOUSEMOVE	218719937	1141,659
MOUSEMOVE	218719953	1137,654
MOUSEMOVE	218719953	1133,649
MOUSEMOVE	218719968	1130,646
MOUSEMOVE	218719968	1128,644
MOUSEMOVE	218719984	1127,643
MOUSEMOVE	218719984	1126,642
MOUSEMOVE	218720000	1125,641
MOUSEMOVE	218720015	1124,641
MOUSEMOVE	218720437	1124,641
MOUSEMOVE	218720453	1124,641
MOUSEMOVE	218720453	1125,641
MOUSEMOVE	218720468	1127,641
MOUSEMOVE	218720468	1128,641
MOUSEMOVE	218720484	1129,641
MOUSEMOVE	218720500	1130,641
MOUSEMOVE	218720500	1131,640
MOUSEMOVE	218720515	1132,640
MOUSEMOVE	218720515	1133,639
MOUSEMOVE	218720531	1135,638
MOUSEMOVE	218720546	1136,638
MOUSEMOVE	218720546	1136,637
MOUSEMOVE	218720562	1137,636
MOUSEMOVE	218720562	1138,635
MOUSEMOVE	218720578	1139,633
MOUSEMOVE	218720593	1140,632
MOUSEMOVE	218720593	1140,631
MOUSEMOVE	218720609	1140,628
MOUSEMOVE	218720609	1141,627
MOUSEMOVE	218720625	1142,625
MOUSEMOVE	218720625	1142,624
MOUSEMOVE	218720640	1143,622
MOUSEMOVE	218720640	1144,622
MOUSEMOVE	218720656	1144,620
MOUSEMOVE	218720656	1144,618
MOUSEMOVE	218720671	1145,616
MOUSEMOVE	218720671	1146,614
MOUSEMOVE	218720687	1147,611
MOUSEMOVE	218720687	1147,608
MOUSEMOVE	218720703	1147,605
MOUSEMOVE	218720703	1147,601
MOUSEMOVE	218720718	1147,596
MOUSEMOVE	218720718	1147,592
MOUSEMOVE	218720734	1147,588
MOUSEMOVE	218720734	1147,584
MOUSEMOVE	218720750	1147,580
MOUSEMOVE	218720750	1147,577
MOUSEMOVE	218720765	1147,573
MOUSEMOVE	218720765	1147,569
MOUSEMOVE	218720781	1147,563
MOUSEMOVE	218720781	1147,558
MOUSEMOVE	218720796	1147,553
MOUSEMOVE	218720812	1147,546
MOUSEMOVE	218720828	1147,519
MOUSEMOVE	218720828	1148,508
MOUSEMOVE	218720843	1151,496
MOUSEMOVE	218720843	1153,481
MOUSEMOVE	218720859	1157,463
MOUSEMOVE	218720859	1163,439
MOUSEMOVE	218720875	1171,411
MOUSEMOVE	218720875	1183,383
MOUSEMOVE	218720890	1194,355
MOUSEMOVE	218720890	1205,329
MOUSEMOVE	218720906	1216,309
MOUSEMOVE	218720921	1226,290
MOUSEMOVE	218720921	1232,275
MOUSEMOVE	218720937	1237,263
MOUSEMOVE	218720937	1241,253
MOUSEMOVE	218720953	1244,246
MOUSEMOVE	218720953	1246,239
MOUSEMOVE	218720968	1248,234
MOUSEMOVE	218720968	1248,229
MOUSEMOVE	218720984	1249,225
MOUSEMOVE	218720984	1249,222
MOUSEMOVE	218721000	1250,218
MOUSEMOVE	218721000	1251,215
MOUSEMOVE	218721015	1251,212
MOUSEMOVE	218721015	1251,210
MOUSEMOVE	218721031	1251,207
MOUSEMOVE	218721031	1251,204
MOUSEMOVE	218721046	1251,201
MOUSEMOVE	218721046	1251,198
MOUSEMOVE	218721062	1251,196
MOUSEMOVE	218721062	1250,194
MOUSEMOVE	218721078	1249,193
MOUSEMOVE	218721078	1248,192
MOUSEMOVE	218721093	1248,191
MOUSEMOVE	218721125	1246,189
MOUSEMOVE	218721125	1245,189
MOUSEMOVE	218721140	1242,187
MOUSEMOVE	218721140	1239,186
MOUSEMOVE	218721171	1236,186
MOUSEMOVE	218721171	1232,186
MOUSEMOVE	218721171	1226,186
MOUSEMOVE	218721171	1222,186
MOUSEMOVE	218721187	1218,186
MOUSEMOVE	218721187	1214,186
MOUSEMOVE	218721203	1210,185
MOUSEMOVE	218721203	1205,185
MOUSEMOVE	218721218	1202,185
MOUSEMOVE	218721218	1200,184
MOUSEMOVE	218721234	1199,184
MOUSEMOVE	218721250	1198,183
LBUTTONDOWN	218721359	1198,183
LBUTTONUP	218721453	1198,183
MOUSEMOVE	218722578	1197,183
MOUSEMOVE	218722609	1196,183
MOUSEMOVE	218722625	1195,183
MOUSEMOVE	218722625	1193,183
MOUSEMOVE	218722640	1192,183
MOUSEMOVE	218722640	1190,183
MOUSEMOVE	218722656	1188,183
MOUSEMOVE	218722656	1184,183
MOUSEMOVE	218722671	1180,183
MOUSEMOVE	218722671	1174,183
MOUSEMOVE	218722687	1169,183
MOUSEMOVE	218722687	1162,183
MOUSEMOVE	218722703	1155,183
MOUSEMOVE	218722703	1148,184
MOUSEMOVE	218722718	1141,185
MOUSEMOVE	218722718	1133,187
MOUSEMOVE	218722734	1126,188
MOUSEMOVE	218722734	1119,190
MOUSEMOVE	218722750	1114,191
MOUSEMOVE	218722750	1108,192
MOUSEMOVE	218722765	1102,194
MOUSEMOVE	218722765	1096,196
MOUSEMOVE	218722781	1091,198
MOUSEMOVE	218722781	1083,201
MOUSEMOVE	218722796	1076,204
MOUSEMOVE	218722796	1069,207
MOUSEMOVE	218722812	1062,210
MOUSEMOVE	218722812	1055,213
MOUSEMOVE	218722828	1048,215
MOUSEMOVE	218722828	1042,217
MOUSEMOVE	218722843	1036,220
MOUSEMOVE	218722843	1030,223
MOUSEMOVE	218722859	1023,225
MOUSEMOVE	218722859	1016,228
MOUSEMOVE	218722875	1010,231
MOUSEMOVE	218722921	984,240
MOUSEMOVE	218722921	978,244
MOUSEMOVE	218723031	929,274
MOUSEMOVE	218723031	915,282
MOUSEMOVE	218723031	909,285
MOUSEMOVE	218723046	904,288
MOUSEMOVE	218723046	899,291
MOUSEMOVE	218723062	894,296
MOUSEMOVE	218723062	890,300
MOUSEMOVE	218723078	884,304
MOUSEMOVE	218723078	878,308
MOUSEMOVE	218723093	871,313
MOUSEMOVE	218723093	865,318
MOUSEMOVE	218723109	859,322
MOUSEMOVE	218723140	841,334
MOUSEMOVE	218723140	835,338
MOUSEMOVE	218723140	829,342
MOUSEMOVE	218723156	823,345
MOUSEMOVE	218723156	819,348
MOUSEMOVE	218723171	814,350
MOUSEMOVE	218723171	809,353
MOUSEMOVE	218723187	803,356
MOUSEMOVE	218723187	799,359
MOUSEMOVE	218723203	794,362
MOUSEMOVE	218723203	789,365
MOUSEMOVE	218723218	785,367
MOUSEMOVE	218723234	780,370
MOUSEMOVE	218723234	777,373
MOUSEMOVE	218723250	774,374
MOUSEMOVE	218723250	773,376
MOUSEMOVE	218723265	772,376
MOUSEMOVE	218723265	770,378
MOUSEMOVE	218723281	770,378
MOUSEMOVE	218723296	769,379
MOUSEMOVE	218725046	769,380
MOUSEMOVE	218725062	769,381
MOUSEMOVE	218725062	769,384
MOUSEMOVE	218725078	769,387
MOUSEMOVE	218725078	769,391
MOUSEMOVE	218725093	769,396
MOUSEMOVE	218725093	768,403
MOUSEMOVE	218725109	766,410
MOUSEMOVE	218725109	765,416
MOUSEMOVE	218725125	763,421
MOUSEMOVE	218725125	760,427
MOUSEMOVE	218725140	758,433
MOUSEMOVE	218725140	756,439
MOUSEMOVE	218725156	754,445
MOUSEMOVE	218725156	753,450
MOUSEMOVE	218725171	752,458
MOUSEMOVE	218725171	751,468
MOUSEMOVE	218725187	749,479
MOUSEMOVE	218725187	746,491
MOUSEMOVE	218725203	742,503
MOUSEMOVE	218725203	738,517
MOUSEMOVE	218725218	731,532
MOUSEMOVE	218725218	724,545
MOUSEMOVE	218725234	717,558
MOUSEMOVE	218725250	710,571
MOUSEMOVE	218725250	704,582
MOUSEMOVE	218725265	697,592
MOUSEMOVE	218725265	690,600
MOUSEMOVE	218725281	685,609
MOUSEMOVE	218725281	681,619
MOUSEMOVE	218725296	678,627
MOUSEMOVE	218725296	673,636
MOUSEMOVE	218725312	669,643
MOUSEMOVE	218725312	664,652
MOUSEMOVE	218725328	658,660
MOUSEMOVE	218725328	652,668
MOUSEMOVE	218725343	646,675
MOUSEMOVE	218725343	639,682
MOUSEMOVE	218725359	633,689
MOUSEMOVE	218725359	627,694
MOUSEMOVE	218725375	621,699
MOUSEMOVE	218725375	615,703
MOUSEMOVE	218725390	609,707
MOUSEMOVE	218725406	602,710
MOUSEMOVE	218725406	594,714
MOUSEMOVE	218725406	587,718
MOUSEMOVE	218725421	581,723
MOUSEMOVE	218725421	574,727
MOUSEMOVE	218725437	568,731
MOUSEMOVE	218725437	562,735
MOUSEMOVE	218725453	556,739
MOUSEMOVE	218725453	550,742
MOUSEMOVE	218725468	547,744
MOUSEMOVE	218725468	542,747
MOUSEMOVE	218725484	539,749
MOUSEMOVE	218725484	534,750
MOUSEMOVE	218725500	531,752
MOUSEMOVE	218725500	529,753
MOUSEMOVE	218725515	527,753
MOUSEMOVE	218725515	524,753
MOUSEMOVE	218725531	523,754
MOUSEMOVE	218725531	521,755
MOUSEMOVE	218725546	518,755
MOUSEMOVE	218725546	516,755
MOUSEMOVE	218725562	515,756
MOUSEMOVE	218725578	514,756
MOUSEMOVE	218725578	512,756
MOUSEMOVE	218725593	510,756
MOUSEMOVE	218725609	508,756
MOUSEMOVE	218725625	507,756
MOUSEMOVE	218725625	506,755
MOUSEMOVE	218725640	506,755
MOUSEMOVE	218725640	504,755
MOUSEMOVE	218725656	504,755
MOUSEMOVE	218725671	503,755
MOUSEMOVE	218725687	503,755
MOUSEMOVE	218725687	502,755
MOUSEMOVE	218725703	502,755
MOUSEMOVE	218725703	501,755
MOUSEMOVE	218725718	500,755
MOUSEMOVE	218725718	500,755
MOUSEMOVE	218725734	499,755
MOUSEMOVE	218725734	497,755
MOUSEMOVE	218725750	497,755
MOUSEMOVE	218725750	496,755
MOUSEMOVE	218725765	494,755
MOUSEMOVE	218725765	493,755
MOUSEMOVE	218725781	492,756
MOUSEMOVE	218725796	490,756
MOUSEMOVE	218725812	487,756
MOUSEMOVE	218725812	487,756
MOUSEMOVE	218725828	486,757
MOUSEMOVE	218725828	484,757
MOUSEMOVE	218725843	483,757
MOUSEMOVE	218725859	482,758
MOUSEMOVE	218725859	481,759
MOUSEMOVE	218725875	480,759
MOUSEMOVE	218725890	480,759
MOUSEMOVE	218725906	479,759
MOUSEMOVE	218726000	478,759
MOUSEMOVE	218726015	477,760
MOUSEMOVE	218726015	476,760
MOUSEMOVE	218726031	474,760
MOUSEMOVE	218726046	474,760
MOUSEMOVE	218726062	473,760
MOUSEMOVE	218726062	473,760
MOUSEMOVE	218726078	471,760
MOUSEMOVE	218726093	470,760
LBUTTONDOWN	218726500	470,760
LBUTTONUP	218726609	470,760
MOUSEMOVE	218727484	470,760
MOUSEMOVE	218727484	470,757
MOUSEMOVE	218727500	472,754
MOUSEMOVE	218727500	476,748
MOUSEMOVE	218727515	482,740
MOUSEMOVE	218727515	489,732
MOUSEMOVE	218727531	495,724
MOUSEMOVE	218727531	502,716
MOUSEMOVE	218727546	512,704
MOUSEMOVE	218727562	523,695
MOUSEMOVE	218727562	538,681
MOUSEMOVE	218727562	551,670
MOUSEMOVE	218727578	566,656
MOUSEMOVE	218727593	585,641
MOUSEMOVE	218727593	605,624
MOUSEMOVE	218727609	628,606
MOUSEMOVE	218727609	650,589
MOUSEMOVE	218727625	671,568
MOUSEMOVE	218727640	691,545
MOUSEMOVE	218727656	747,472
MOUSEMOVE	218727656	762,453
MOUSEMOVE	218727671	774,434
MOUSEMOVE	218727671	782,420
MOUSEMOVE	218727687	789,409
MOUSEMOVE	218727687	793,401
MOUSEMOVE	218727703	796,394
MOUSEMOVE	218727703	798,388
MOUSEMOVE	218727718	799,382
MOUSEMOVE	218727718	800,378
MOUSEMOVE	218727734	800,373
MOUSEMOVE	218727734	800,367
MOUSEMOVE	218727750	800,361
MOUSEMOVE	218727750	799,355
MOUSEMOVE	218727765	798,348
MOUSEMOVE	218727765	796,342
MOUSEMOVE	218727781	793,335
MOUSEMOVE	218727781	789,328
MOUSEMOVE	218727796	786,322
MOUSEMOVE	218727796	782,316
MOUSEMOVE	218727812	778,311
MOUSEMOVE	218727812	774,307
MOUSEMOVE	218727828	770,303
MOUSEMOVE	218727828	766,301
MOUSEMOVE	218727843	763,298
MOUSEMOVE	218727843	759,296
MOUSEMOVE	218727859	756,294
MOUSEMOVE	218727859	753,292
MOUSEMOVE	218727875	750,291
MOUSEMOVE	218727875	745,291
MOUSEMOVE	218727890	740,290
MOUSEMOVE	218727890	734,289
MOUSEMOVE	218727906	727,289
MOUSEMOVE	218727921	720,289
MOUSEMOVE	218727921	712,291
MOUSEMOVE	218727937	704,295
MOUSEMOVE	218727937	695,302
MOUSEMOVE	218727953	686,309
MOUSEMOVE	218727953	674,323
MOUSEMOVE	218727968	657,341
MOUSEMOVE	218727968	636,364
MOUSEMOVE	218727984	612,390
MOUSEMOVE	218727984	582,421
MOUSEMOVE	218728000	551,453
MOUSEMOVE	218728000	519,484
MOUSEMOVE	218728015	492,515
MOUSEMOVE	218728015	464,547
MOUSEMOVE	218728031	436,580
MOUSEMOVE	218728031	412,608
MOUSEMOVE	218728046	387,637
MOUSEMOVE	218728046	365,662
MOUSEMOVE	218728062	342,688
MOUSEMOVE	218728062	325,710
MOUSEMOVE	218728078	308,728
MOUSEMOVE	218728078	294,745
MOUSEMOVE	218728093	282,760
MOUSEMOVE	218728093	273,772
MOUSEMOVE	218728109	262,781
MOUSEMOVE	218728109	256,778
MOUSEMOVE	218728125	249,777
MOUSEMOVE	218728125	245,775
MOUSEMOVE	218728140	241,777
MOUSEMOVE	218728140	239,774
MOUSEMOVE	218728156	237,773
MOUSEMOVE	218728156	236,771
MOUSEMOVE	218728171	235,770
MOUSEMOVE	218728171	235,771
MOUSEMOVE	218728187	235,770
MOUSEMOVE	218728187	236,770
MOUSEMOVE	218728203	237,769
MOUSEMOVE	218728203	238,770
MOUSEMOVE	218728218	239,770
MOUSEMOVE	218728218	240,770
MOUSEMOVE	218728234	242,770
MOUSEMOVE	218728250	242,769
MOUSEMOVE	218728250	243,769
MOUSEMOVE	218728265	244,768
MOUSEMOVE	218728265	245,769
MOUSEMOVE	218728281	246,768
MOUSEMOVE	218728281	247,769
MOUSEMOVE	218728296	248,767
MOUSEMOVE	218728296	251,768
MOUSEMOVE	218728312	255,768
MOUSEMOVE	218728312	260,768
MOUSEMOVE	218728328	265,767
MOUSEMOVE	218728328	273,767
MOUSEMOVE	218728343	281,767
MOUSEMOVE	218728343	291,767
MOUSEMOVE	218728359	299,766
MOUSEMOVE	218728359	306,764
MOUSEMOVE	218728375	313,762
MOUSEMOVE	218728375	317,760
MOUSEMOVE	218728390	322,757
MOUSEMOVE	218728390	325,755
MOUSEMOVE	218728406	329,753
MOUSEMOVE	218728406	330,751
MOUSEMOVE	218728421	331,749
MOUSEMOVE	218728421	332,747
MOUSEMOVE	218728437	332,746
MOUSEMOVE	218728453	332,746
MOUSEMOVE	218728968	332,745
MOUSEMOVE	218729000	333,745
MOUSEMOVE	218729015	334,745
MOUSEMOVE	218729031	334,745
MOUSEMOVE	218729031	335,745
MOUSEMOVE	218729046	335,745
MOUSEMOVE	218729062	336,745
MOUSEMOVE	218729062	336,745
MOUSEMOVE	218729093	337,745
MOUSEMOVE	218729093	338,745
MOUSEMOVE	218729109	338,745
MOUSEMOVE	218729140	339,745
MOUSEMOVE	218729140	341,745
MOUSEMOVE	218729156	343,745
MOUSEMOVE	218729156	344,745
MOUSEMOVE	218729171	346,745
MOUSEMOVE	218729171	348,744
MOUSEMOVE	218729187	349,744
MOUSEMOVE	218729187	350,744
MOUSEMOVE	218729203	352,744
MOUSEMOVE	218729218	354,743
MOUSEMOVE	218729234	354,743
MOUSEMOVE	218729265	356,743
MOUSEMOVE	218729265	358,742
MOUSEMOVE	218729281	359,742
MOUSEMOVE	218729281	361,742
MOUSEMOVE	218729296	363,741
MOUSEMOVE	218729296	365,741
MOUSEMOVE	218729312	368,741
MOUSEMOVE	218729312	369,740
MOUSEMOVE	218729328	370,740
MOUSEMOVE	218729343	372,739
MOUSEMOVE	218729359	375,738
MOUSEMOVE	218729359	375,738
MOUSEMOVE	218729375	376,737
MOUSEMOVE	218729390	377,736
MOUSEMOVE	218729390	378,736
MOUSEMOVE	218729406	379,734
MOUSEMOVE	218729406	380,734
MOUSEMOVE	218729421	382,733
MOUSEMOVE	218729421	383,732
MOUSEMOVE	218729437	385,732
MOUSEMOVE	218729437	387,730
MOUSEMOVE	218729453	389,729
MOUSEMOVE	218729453	391,729
MOUSEMOVE	218729468	393,728
MOUSEMOVE	218729468	396,727
MOUSEMOVE	218729484	399,726
MOUSEMOVE	218729484	400,725
MOUSEMOVE	218729500	402,723
MOUSEMOVE	218729500	404,721
MOUSEMOVE	218729515	406,719
MOUSEMOVE	218729515	409,715
MOUSEMOVE	218729531	412,711
MOUSEMOVE	218729531	414,706
MOUSEMOVE	218729546	415,700
MOUSEMOVE	218729546	416,692
MOUSEMOVE	218729562	418,684
MOUSEMOVE	218729578	421,674
MOUSEMOVE	218729578	423,664
MOUSEMOVE	218729593	425,651
MOUSEMOVE	218729593	426,641
MOUSEMOVE	218729609	426,629
MOUSEMOVE	218729609	426,616
MOUSEMOVE	218729625	426,602
MOUSEMOVE	218729625	426,588
MOUSEMOVE	218729640	426,573
MOUSEMOVE	218729640	426,557
MOUSEMOVE	218729656	426,541
MOUSEMOVE	218729656	426,521
MOUSEMOVE	218729671	426,505
MOUSEMOVE	218729671	426,486
MOUSEMOVE	218729687	426,466
MOUSEMOVE	218729703	422,436
MOUSEMOVE	218729703	419,423
MOUSEMOVE	218729718	415,409
MOUSEMOVE	218729718	412,397
MOUSEMOVE	218729734	410,385
MOUSEMOVE	218729750	404,361
MOUSEMOVE	218729750	402,350
MOUSEMOVE	218729765	400,340
MOUSEMOVE	218729765	398,332
MOUSEMOVE	218729781	396,322
MOUSEMOVE	218729796	395,314
MOUSEMOVE	218729796	393,307
MOUSEMOVE	218729796	390,300
MOUSEMOVE	218729812	387,293
MOUSEMOVE	218729812	385,287
MOUSEMOVE	218729828	382,281
MOUSEMOVE	218729828	380,277
MOUSEMOVE	218729843	378,272
MOUSEMOVE	218729843	377,267
MOUSEMOVE	218729859	375,261
MOUSEMOVE	218729859	374,254
MOUSEMOVE	218729875	372,246
MOUSEMOVE	218729875	371,237
MOUSEMOVE	218729890	369,229
MOUSEMOVE	218729906	368,221
MOUSEMOVE	218729906	366,211
MOUSEMOVE	218729921	365,203
MOUSEMOVE	218729921	363,195
MOUSEMOVE	218729937	362,187
MOUSEMOVE	218729937	360,180
MOUSEMOVE	218729953	359,173
MOUSEMOVE	218729953	357,165
MOUSEMOVE	218729968	356,156
MOUSEMOVE	218729968	354,148
MOUSEMOVE	218729984	353,140
MOUSEMOVE	218729984	351,132
MOUSEMOVE	218730000	350,125
MOUSEMOVE	218730000	350,117
MOUSEMOVE	218730015	350,110
MOUSEMOVE	218730015	350,105
MOUSEMOVE	218730031	350,101
MOUSEMOVE	218730031	350,98
MOUSEMOVE	218730046	350,94
MOUSEMOVE	218730046	350,89
MOUSEMOVE	218730062	350,85
MOUSEMOVE	218730062	350,81
MOUSEMOVE	218730078	350,77
MOUSEMOVE	218730078	350,73
MOUSEMOVE	218730093	349,69
MOUSEMOVE	218730093	349,66
MOUSEMOVE	218730109	349,63
MOUSEMOVE	218730109	349,60
MOUSEMOVE	218730125	349,58
MOUSEMOVE	218730125	349,56
MOUSEMOVE	218730140	349,54
MOUSEMOVE	218730156	349,51
MOUSEMOVE	218730156	349,48
MOUSEMOVE	218730156	350,44
MOUSEMOVE	218730171	350,40
MOUSEMOVE	218730171	352,34
MOUSEMOVE	218730187	353,28
MOUSEMOVE	218730203	354,24
MOUSEMOVE	218730203	355,20
MOUSEMOVE	218730203	356,15
MOUSEMOVE	218730218	357,12
MOUSEMOVE	218730234	357,9
MOUSEMOVE	218730234	357,5
MOUSEMOVE	218730250	358,2
MOUSEMOVE	218730250	360,-1
MOUSEMOVE	218730265	361,-3
MOUSEMOVE	218730265	362,-3
MOUSEMOVE	218730281	363,-1
MOUSEMOVE	218730296	363,-1
LBUTTONDOWN	218730687	363,0
LBUTTONUP	218730828	363,0
MOUSEMOVE	218731093	363,0
MOUSEMOVE	218731109	365,0
MOUSEMOVE	218731109	367,0
MOUSEMOVE	218731203	516,-29
MOUSEMOVE	218731203	541,-6
MOUSEMOVE	218731203	567,-6
MOUSEMOVE	218731218	594,-5
MOUSEMOVE	218731218	619,-3
MOUSEMOVE	218731234	646,-6
MOUSEMOVE	218731234	667,-5
MOUSEMOVE	218731250	689,-5
MOUSEMOVE	218731265	708,-4
MOUSEMOVE	218731265	726,-4
MOUSEMOVE	218731281	740,-4
MOUSEMOVE	218731281	751,-3
MOUSEMOVE	218731296	759,-2
MOUSEMOVE	218731296	765,-2
MOUSEMOVE	218731312	768,-1
MOUSEMOVE	218731312	769,0
LBUTTONDOWN	218731593	769,0
LBUTTONUP	218731750	769,0
MOUSEMOVE	218732296	769,0
MOUSEMOVE	218732296	766,1
MOUSEMOVE	218732312	763,4
MOUSEMOVE	218732312	760,9
MOUSEMOVE	218732328	757,13
MOUSEMOVE	218732328	753,21
MOUSEMOVE	218732343	749,29
MOUSEMOVE	218732343	745,39
MOUSEMOVE	218732359	739,50
MOUSEMOVE	218732375	733,64
MOUSEMOVE	218732375	723,82
MOUSEMOVE	218732390	716,98
MOUSEMOVE	218732390	708,113
MOUSEMOVE	218732390	699,129
MOUSEMOVE	218732406	691,144
MOUSEMOVE	218732406	684,157
MOUSEMOVE	218732421	675,171
MOUSEMOVE	218732421	666,183
MOUSEMOVE	218732437	657,196
MOUSEMOVE	218732437	649,207
MOUSEMOVE	218732453	641,217
MOUSEMOVE	218732453	634,227
MOUSEMOVE	218732468	627,237
MOUSEMOVE	218732468	623,246
MOUSEMOVE	218732484	620,253
MOUSEMOVE	218732484	617,260
MOUSEMOVE	218732500	615,266
MOUSEMOVE	218732500	614,268
MOUSEMOVE	218732515	614,270
MOUSEMOVE	218732531	614,271
MOUSEWHEEL	218732890	614,271
MOUSEMOVE	218732921	614,271
MOUSEWHEEL	218732937	614,271
MOUSEWHEEL	218732984	614,271
MOUSEWHEEL	218733015	614,271
MOUSEMOVE	218733218	614,272
MOUSEMOVE	218733250	614,273
MOUSEMOVE	218733296	616,273
MOUSEMOVE	218733390	616,274
MOUSEMOVE	218733406	617,274
MOUSEMOVE	218733421	618,274
MOUSEMOVE	218733453	619,275
MOUSEWHEEL	218734296	619,275
MOUSEWHEEL	218734343	619,275
MOUSEWHEEL	218734406	619,275
MOUSEMOVE	218734718	619,276
MOUSEMOVE	218734812	620,276
MOUSEMOVE	218734828	621,276
MOUSEMOVE	218734843	622,277
MOUSEMOVE	218736015	622,277
MOUSEMOVE	218736031	622,277
MOUSEMOVE	218736062	622,276
MOUSEMOVE	218736062	622,275
MOUSEMOVE	218736296	622,275
MOUSEMOVE	218736312	622,274
MOUSEMOVE	218736312	622,274
MOUSEMOVE	218736328	622,273
MOUSEMOVE	218736328	622,273
MOUSEMOVE	218736343	622,272
MOUSEMOVE	218736453	622,271
MOUSEMOVE	218736453	622,270
MOUSEWHEEL	218738390	622,270
MOUSEWHEEL	218738406	622,270
MOUSEWHEEL	218738437	622,270
MOUSEMOVE	218738437	622,270
MOUSEWHEEL	218738453	622,270
MOUSEWHEEL	218738515	622,270
MOUSEMOVE	218738718	622,269
MOUSEMOVE	218738781	622,269
MOUSEMOVE	218739031	622,267
MOUSEMOVE	218739046	622,264
MOUSEMOVE	218739046	622,264
MOUSEMOVE	218739062	622,263
MOUSEMOVE	218739062	623,261
MOUSEMOVE	218739078	623,259
MOUSEMOVE	218739078	623,257
MOUSEMOVE	218739093	624,253
MOUSEMOVE	218739093	626,248
MOUSEMOVE	218739109	627,241
MOUSEMOVE	218739109	629,234
MOUSEMOVE	218739125	630,228
MOUSEMOVE	218739125	632,218
MOUSEMOVE	218739140	633,207
MOUSEMOVE	218739140	635,195
MOUSEMOVE	218739156	638,184
MOUSEMOVE	218739156	640,173
MOUSEMOVE	218739171	642,164
MOUSEMOVE	218739171	644,153
MOUSEMOVE	218739187	647,141
MOUSEMOVE	218739187	651,127
MOUSEMOVE	218739203	654,115
MOUSEMOVE	218739203	656,103
MOUSEMOVE	218739218	658,92
MOUSEMOVE	218739234	659,81
MOUSEMOVE	218739234	661,72
MOUSEMOVE	218739250	661,63
MOUSEMOVE	218739250	661,53
MOUSEMOVE	218739265	661,44
MOUSEMOVE	218739265	661,36
MOUSEMOVE	218739281	661,28
MOUSEMOVE	218739281	660,21
MOUSEMOVE	218739296	659,17
MOUSEMOVE	218739296	657,12
MOUSEMOVE	218739312	656,9
MOUSEMOVE	218739312	655,7
MOUSEMOVE	218739328	655,5
MOUSEMOVE	218739328	654,4
MOUSEMOVE	218739343	653,3
MOUSEMOVE	218739546	654,3
MOUSEMOVE	218739546	654,4
MOUSEMOVE	218739562	655,4
MOUSEMOVE	218739578	657,5
MOUSEMOVE	218739593	658,5
MOUSEMOVE	218739593	659,6
MOUSEMOVE	218739609	660,6
MOUSEMOVE	218739625	661,7
MOUSEMOVE	218739640	663,7
MOUSEMOVE	218739640	664,7
MOUSEMOVE	218739656	665,8
MOUSEMOVE	218740156	666,8
LBUTTONDOWN	218740187	666,8
LBUTTONUP	218740281	666,8
MOUSEMOVE	218740406	666,9
MOUSEMOVE	218740406	668,9
MOUSEMOVE	218740421	668,10
MOUSEMOVE	218740421	669,11
MOUSEMOVE	218740437	670,13
MOUSEMOVE	218740437	670,16
MOUSEMOVE	218740453	670,18
MOUSEMOVE	218740453	670,21
MOUSEMOVE	218740468	670,24
MOUSEMOVE	218740468	670,26
MOUSEMOVE	218740484	670,28
MOUSEMOVE	218740484	670,30
MOUSEMOVE	218740500	670,32
MOUSEMOVE	218740515	667,36
MOUSEMOVE	218740515	666,37
MOUSEMOVE	218740531	665,38
MOUSEMOVE	218740531	664,39
MOUSEMOVE	218740546	664,40
MOUSEMOVE	218740546	663,40
MOUSEMOVE	218740562	663,41
MOUSEMOVE	218740578	662,41
MOUSEMOVE	218740703	661,41
LBUTTONDOWN	218740796	661,41
LBUTTONUP	218740812	661,41
MOUSEMOVE	218741328	661,42
MOUSEMOVE	218741328	663,42
MOUSEMOVE	218741343	666,43
MOUSEMOVE	218741343	670,44
MOUSEMOVE	218741359	677,45
MOUSEMOVE	218741359	684,45
MOUSEMOVE	218741375	691,45
MOUSEMOVE	218741375	697,45
MOUSEMOVE	218741390	704,45
MOUSEMOVE	218741390	710,43
MOUSEMOVE	218741406	715,41
MOUSEMOVE	218741406	717,40
MOUSEMOVE	218741421	718,40
MOUSEMOVE	218741593	719,40
MOUSEMOVE	218742718	719,40
MOUSEMOVE	218752875	719,40
MOUSEMOVE	218752890	719,40
MOUSEMOVE	218752890	716,41
MOUSEMOVE	218752937	673,64
MOUSEMOVE	218752937	664,67
MOUSEMOVE	218753062	656,71
MOUSEMOVE	218753203	597,101
MOUSEMOVE	218753203	551,186
MOUSEMOVE	218753203	545,210
MOUSEMOVE	218753218	538,230
MOUSEMOVE	218753218	531,244
MOUSEMOVE	218753234	524,257
MOUSEMOVE	218753234	511,272
MOUSEMOVE	218753250	492,291
MOUSEMOVE	218753250	476,315
MOUSEMOVE	218753265	462,346
MOUSEMOVE	218753265	452,382
MOUSEMOVE	218753281	446,421
MOUSEMOVE	218753296	445,457
MOUSEMOVE	218753296	443,492
MOUSEMOVE	218753312	443,528
MOUSEMOVE	218753312	443,555
MOUSEMOVE	218753328	443,574
MOUSEMOVE	218753328	443,591
MOUSEMOVE	218753343	445,604
MOUSEMOVE	218753343	449,615
MOUSEMOVE	218753359	453,622
MOUSEMOVE	218753359	458,627
MOUSEMOVE	218753375	462,629
MOUSEMOVE	218753375	468,631
MOUSEMOVE	218753390	474,633
MOUSEMOVE	218753390	478,634
MOUSEMOVE	218753406	481,634
MOUSEMOVE	218753406	484,634
MOUSEMOVE	218753421	486,634
MOUSEMOVE	218753421	488,633
MOUSEMOVE	218753437	489,632
MOUSEMOVE	218753437	490,631
MOUSEMOVE	218753453	491,630
MOUSEMOVE	218753453	492,630
MOUSEMOVE	218753468	492,629
MOUSEMOVE	218753468	494,629
MOUSEMOVE	218753484	496,629
MOUSEMOVE	218753484	499,628
MOUSEMOVE	218753500	501,628
MOUSEMOVE	218753500	504,628
MOUSEMOVE	218753515	507,628
MOUSEMOVE	218753531	515,628
MOUSEMOVE	218753531	520,628
MOUSEMOVE	218753546	529,629
MOUSEMOVE	218753546	540,632
MOUSEMOVE	218753562	552,637
MOUSEMOVE	218753578	563,641
MOUSEMOVE	218753578	574,645
MOUSEMOVE	218753593	582,649
MOUSEMOVE	218753593	587,650
MOUSEMOVE	218753609	588,651
MOUSEMOVE	218753625	589,652
MOUSEMOVE	218753640	589,653
MOUSEMOVE	218753640	589,656
MOUSEMOVE	218753656	589,662
MOUSEMOVE	218753656	589,672
MOUSEMOVE	218753671	586,682
MOUSEMOVE	218753671	583,693
MOUSEMOVE	218753687	581,703
MOUSEMOVE	218753687	579,711
MOUSEMOVE	218753703	578,717
MOUSEMOVE	218753703	577,720
MOUSEMOVE	218753718	576,723
MOUSEMOVE	218753718	576,725
MOUSEMOVE	218753734	576,727
MOUSEMOVE	218753734	576,729
MOUSEMOVE	218753750	576,732
MOUSEMOVE	218753750	576,734
MOUSEMOVE	218753765	576,737
MOUSEMOVE	218753765	576,740
MOUSEMOVE	218753781	576,744
MOUSEMOVE	218753781	576,748
MOUSEMOVE	218753796	576,751
MOUSEMOVE	218753796	576,753
MOUSEMOVE	218753812	576,755
MOUSEMOVE	218753953	578,755
MOUSEMOVE	218753968	579,755
MOUSEMOVE	218753968	580,755
MOUSEMOVE	218753984	582,755
MOUSEMOVE	218753984	584,755
MOUSEMOVE	218754000	586,753
MOUSEMOVE	218754000	589,753
MOUSEMOVE	218754015	592,753
MOUSEMOVE	218754015	597,751
MOUSEMOVE	218754031	603,750
MOUSEMOVE	218754031	609,749
MOUSEMOVE	218754046	613,748
MOUSEMOVE	218754046	616,747
MOUSEMOVE	218754062	619,746
MOUSEMOVE	218754062	622,746
MOUSEMOVE	218754078	625,746
MOUSEMOVE	218754078	628,746
MOUSEMOVE	218754093	630,746
MOUSEMOVE	218754093	633,746
MOUSEMOVE	218754109	636,746
MOUSEMOVE	218754109	638,746
MOUSEMOVE	218754265	638,746
RBUTTONDOWN	218754390	638,746
RBUTTONUP	218754390	638,746
MOUSEMOVE	218754468	639,746
MOUSEMOVE	218754484	639,746
MOUSEMOVE	218754578	641,746
MOUSEMOVE	218754593	641,744
MOUSEMOVE	218754593	642,742
MOUSEMOVE	218754609	643,740
MOUSEMOVE	218754609	644,737
MOUSEMOVE	218754625	646,735
MOUSEMOVE	218754625	647,731
MOUSEMOVE	218754640	649,728
MOUSEMOVE	218754640	651,725
MOUSEMOVE	218754656	651,722
MOUSEMOVE	218754656	652,720
MOUSEMOVE	218754671	652,718
MOUSEMOVE	218754671	653,717
MOUSEMOVE	218754687	654,715
MOUSEMOVE	218754687	654,713
MOUSEMOVE	218754703	654,712
MOUSEMOVE	218754703	654,711
MOUSEMOVE	218754718	654,709
MOUSEMOVE	218754718	654,708
MOUSEMOVE	218754859	655,708
MOUSEMOVE	218754875	655,707
MOUSEMOVE	218754875	656,706
MOUSEMOVE	218754906	657,705
MOUSEMOVE	218754906	657,705
MOUSEMOVE	218754921	658,703
MOUSEMOVE	218754921	659,703
MOUSEMOVE	218754937	660,701
MOUSEMOVE	218755031	661,701
MOUSEMOVE	218755171	662,700
MOUSEMOVE	218755171	663,700
MOUSEMOVE	218755187	663,698
MOUSEMOVE	218755187	665,696
MOUSEMOVE	218755203	666,694
MOUSEMOVE	218755203	667,692
MOUSEMOVE	218755218	668,690
MOUSEMOVE	218755218	668,689
MOUSEMOVE	218755234	669,688
MOUSEMOVE	218755250	670,686
MOUSEMOVE	218755250	670,685
MOUSEMOVE	218755484	671,684
LBUTTONDOWN	218755500	671,684
LBUTTONUP	218755625	671,684
MOUSEMOVE	218756234	671,684
MOUSEMOVE	218756250	669,684
MOUSEMOVE	218756265	667,683
MOUSEMOVE	218756265	664,680
MOUSEMOVE	218756281	660,675
MOUSEMOVE	218756281	656,670
MOUSEMOVE	218756296	652,664
MOUSEMOVE	218756296	648,659
MOUSEMOVE	218756312	644,656
MOUSEMOVE	218756312	640,651
MOUSEMOVE	218756328	634,649
MOUSEMOVE	218756328	631,647
